,Y2Z1,Y1Z2,Y4Z0,Y0Z4,Y9Z3,Y3Z9,Y9Z0,Y0Z9,Y5Z1,Y1Z5,Y4Z3,Y3Z4,Y6Z7,Y7Z6,Y1Z3,Y3Z1,Y8Z3,Y3Z8,Y7Z3,Y3Z7,Y4Z8,Y8Z4,Y5Z8,Y8Z5,Y7Z8,Y8Z7,Y2Z7,Y7Z2,Y0Z3,Y3Z0,Y6Z3,Y3Z6,Y6Z8,Y8Z6,Y6Z9,Y9Z6,Y0Z1,Y1Z0,Y2Z3,Y3Z2,Y7Z1,Y1Z7,Y5Z9,Y9Z5,Y8Z1,Y1Z8,Y6Z0,Y0Z6,Y6Z4,Y4Z6,Y4Z1,Y1Z4,Y9Z8,Y8Z9,Y2Z4,Y4Z2,Y5Z2,Y2Z5,Y7Z0,Y0Z7,Y9Z7,Y7Z9,Y5Z3,Y3Z5,Y0Z8,Y8Z0,standard_x,Y5Z6,Y6Z5,Y5Z7,Y7Z5,Y9Z4,Y4Z9,Y2Z0,Y0Z2,Y5Z4,Y4Z5,Y2Z8,Y8Z2,Y7Z4,Y4Z7,Y6Z1,Y1Z6,Y2Z6,Y6Z2,Y9Z1,Y1Z9,X0X3,X1X3,X3X8,X3X5,X3X7,X3X6,X2X3,Y0Y3,X1X9,X3X4,X1X8,X1X4,X0X8,X1X6,X0X1,X1X7,X4X7,Y3Y8,X3X9,X0X7,X4X9,X8X9,Y3Y7,Y3Y6,X7X9,X2X8,X0X2,Y3Y5,Y4Y7,Y1Y3,X0X5,X0X6,Y0Y8,Y4Y9,X7X8,Y3Y4,X4X8,X4X6,X4X5,X2X9,X2X4,X3,Y1Y8,X6X8,X5X7,Y1Y4,Y1Y9,Y1Y7,X2X6,Y8Y9,Y5Z0,Y0Z5,X6X9,Y2Y3,X5X6,Y1Y6,Y2Y8,X5X9,Y6Y8,Y7Y9,X0X4,X0X9,X2X7,Y3Y9,Y0Y6,Y0Y7,X5X8,Y7Y8,X1X5,X2X5,Y5Y7,X6X7,Y0Y5,X1X2,Y4Y6,Y4Y8,Y2Z9,Y9Z2,Y6Y9,X1,Y0Y2,Y4Y5,Y0Y1,Y0Y4,Y2Y6,X8,Y1Y2,Y6Y7,X0,Y2Y5,X4,Y2Y4,Y0Y9,Y2Y9,Y5Y8,X7,Y5Y6,Y2Y7,X9,Y1Y5,X6,X2,Y5Y9,X5,standard_y,Y6,X0Y6,X8Y1,X7Y1,X2Y5,X4Y2,X6Y2,Y8,Y7,Y5,Y0,X9Y7,X9Y6,X9Y3,X8Y5,X8Y3,X7Y0,X6Y9,X6Y7,X6Y0,X5Y6,X5Y3,X4Y7,X4Y6,X4Y3,X3Y8,X3Y4,X2Y6,X2Y3,X1Y9,X1Y6,X1Y3,X1Y0,X0Y8,X0Y5,X3Y9,X5Y2,Y4,X9Y5,X9Y4,X9Y1,X8Y7,X7Y9,X7Y8,X7Y4,X6Y4,X6Y1,X5Y9,X5Y7,X4Y8,X3Y7,X3Y5,X2Y9,X2Y8,X2Y7,X1Y8,X1Y7,X1Y5,X0Y9,X0Y7,X0Y4,X0Y2,X7Y2,Y2,Y1,X9Y2,X8Y9,X4Y9,X3Y2,X3Y1,X2Y4,X2Y1,X1Y4,X0Y1,X3Z6,X6Z7,X1Z6,X7Z8,X3Z8,X3Z1,X9Z1,X9Z0,X8Z6,X8Z3,X5Z6,X4Z6,X2Z7,X1Z7,X7Z1,X4Z8,X4Z7,X3Z2,X3Z0,X2Z8,X0Z7,X0Z6,X0Z1,X2Z0,X8Z1,X8Z0,X7Z0,X2Z1,X7Z5,X6Z1,X9Z6,X9Z5,X9Z3,X8Z4,X7Z6,X7Z3,X6Z8,X6Z5,X6Z4,X6Z0,X4Z3,X4Z1,X4Z0,X1Z4,X1Z0,X4Z5,X2Z5,X2Z4,X0Z5,X5Z3,X5Z2,X4Z2,X1Z5,X1Z3,X1Z2,X0Z2,X9Z4,X9Z2,X6Z2,X5Z0,X2Z3,X7Z4,Y9,Y3,X9Z8,X9Z7,X9Y8,X9Y0,X8Z9,X8Z7,X8Z5,X8Z2,X8Y6,X8Y4,X8Y2,X8Y0,X7Z9,X7Z2,X7Y6,X7Y5,X7Y3,X6Z9,X6Z3,X6Y8,X6Y5,X6Y3,X5Z9,X5Z8,X5Z7,X5Z4,X5Z1,X5Y8,X5Y4,X5Y1,X5Y0,X4Z9,X4Y5,X4Y1,X4Y0,X3Z9,X3Z7,X3Z5,X3Z4,X3Y6,X3Y0,X2Z9,X2Z6,X2Y0,X1Z9,X1Z8,X1Y2,X0Z9,X0Z8,X0Z4,X0Z3,X0Y3
0,0.9665261386939833,0.9663383460683592,0.9461757596014,0.946163071778397,0.9131387995331877,0.9128615691997318,0.8766622656653369,0.8766146532027956,0.871655510378879,0.8714679749224312,0.8678179507097276,0.8675899650605166,0.8294870180532786,0.8294350924415363,0.8035450271803115,0.8034004675594053,0.7609512596651125,0.7607642807678253,0.7256362073398772,0.7254332771344625,0.7187199758519252,0.7187077573787085,0.7186593089198055,0.7185519884524116,0.6702944589175008,0.6702717031599448,0.6672658325351355,0.6672027513693646,0.6417196688885816,0.6415596825039778,0.6118036749027536,0.6115942892228989,0.5892212324069308,0.5891643445446952,0.5868098538913126,0.5867871752716589,0.5805269291399003,0.5804866304952532,0.5533791515642024,0.5531720925827763,0.48946385808891174,0.4894150221923771,0.47843957890951855,0.47839583101864025,0.4697670108744483,0.4697360873612333,0.44925713755711094,0.4492153755628734,0.4481675736683426,0.44813192240400523,0.41886332356483724,0.41882863039852647,0.3997872075384529,0.3997640586746868,0.3765399801251995,0.37649800137775846,0.3677330648821898,0.3677253957215867,0.3533086536717447,0.35329792762029966,0.33286512973703447,0.3328571561212969,0.31019044691680087,0.31006791456783256,0.28779793510946294,0.28779690173271927,0.27747820232130294,0.2633705898602682,0.26335668557702985,0.2505044873725706,0.25047558122744207,0.22730755273759085,0.2272982551176562,0.20566206102066364,0.20563637494197817,0.158687045139014,0.15866604463956052,0.13465080255865997,0.1346335019612581,0.13003714246138426,0.13003493844426636,0.10457414736300795,0.10455716759733083,0.10111653750269452,0.10111330793580928,0.0734134077922866,0.07340432453336583,0.06570247404973174,0.06565155023356092,0.06259833583182697,0.06231096435125795,0.06138929137349146,0.06026529715707933,0.059503322811636256,0.05930455312287443,0.05823624542904632,0.0579884029988996,0.057786163908097404,0.057559143362656634,0.05591858640232071,0.05555153051273612,0.055224224859023355,0.05514784531886678,0.054081880814960265,0.05391191126546099,0.05365357420003186,0.05281995283701331,0.05179219328313406,0.05076227287780971,0.050032442351788095,0.04970555113004618,0.049482308196582905,0.048894428774594115,0.04817420820673096,0.04789652925165265,0.04779333798514172,0.047701577596488944,0.047595783581667064,0.047109350444179146,0.04701749321413842,0.04671461688829183,0.046568671345019894,0.04649622796845625,0.046352971896613845,0.04623642795934339,0.04623371487310704,0.045378843666884966,0.045292086793778975,0.04528960575623005,0.04511095069246089,0.044440667319204374,0.04435173388743123,0.0442826591790106,0.044016988136166973,0.042646982758834454,0.042622908945824226,0.04125617634736055,0.04119475120756899,0.041188747172591675,0.04064105525897775,0.04059667352679258,0.0400507916475033,0.039872937042277706,0.03980584453931891,0.03943611841666128,0.039201550930185014,0.03871854170431622,0.03853965413893923,0.038351121662645454,0.03809343254731694,0.03783078695801062,0.037730713445152955,0.03756331171651628,0.03754110384447758,0.03738862891479266,0.037061713588598895,0.03660563097160807,0.035841408022836946,0.03536354525516196,0.03528521654186494,0.03496214647911978,0.03489703462167629,0.03473621179771057,0.034643856421863586,0.034641411059928975,0.034073860301233966,0.03330251680668798,0.03276553053287884,0.031758435288173965,0.0313300037113761,0.030760662309651444,0.029021168202906462,0.028916068373255933,0.028915495350009642,0.028727201352819212,0.02867683242706621,0.02779476109314942,0.027783238664977616,0.027501461862087948,0.027345743319041348,0.027072428888423088,0.026713923447980695,0.0266537712101678,0.026399839529020946,0.025487992955940134,0.025057480435042936,0.02436588134211127,0.02248189381206919,0.020353363241836293,0.01915266263881244,0.018963431593968988,1.942890293094024e-16,1.1102230246251565e-16,1.1102230246251565e-16,8.326672684688674e-17,8.326672684688674e-17,8.326672684688674e-17,6.938893903907228e-17,6.245004513516506e-17,5.551115123125783e-17,5.551115123125783e-17,5.551115123125783e-17,5.551115123125783e-17,5.551115123125783e-17,5.551115123125783e-17,5.551115123125783e-17,5.551115123125783e-17,5.551115123125783e-17,5.551115123125783e-17,5.551115123125783e-17,5.551115123125783e-17,5.551115123125783e-17,5.551115123125783e-17,5.551115123125783e-17,5.551115123125783e-17,5.551115123125783e-17,5.551115123125783e-17,5.551115123125783e-17,5.551115123125783e-17,5.551115123125783e-17,5.551115123125783e-17,5.551115123125783e-17,5.551115123125783e-17,5.551115123125783e-17,5.551115123125783e-17,5.551115123125783e-17,5.551115123125783e-17,4.163336342344337e-17,3.469446951953614e-17,2.7755575615628914e-17,2.7755575615628914e-17,2.7755575615628914e-17,2.7755575615628914e-17,2.7755575615628914e-17,2.7755575615628914e-17,2.7755575615628914e-17,2.7755575615628914e-17,2.7755575615628914e-17,2.7755575615628914e-17,2.7755575615628914e-17,2.7755575615628914e-17,2.7755575615628914e-17,2.7755575615628914e-17,2.7755575615628914e-17,2.7755575615628914e-17,2.7755575615628914e-17,2.7755575615628914e-17,2.7755575615628914e-17,2.7755575615628914e-17,2.7755575615628914e-17,2.7755575615628914e-17,2.7755575615628914e-17,2.7755575615628914e-17,2.7755575615628914e-17,2.0816681711721685e-17,1.3877787807814457e-17,1.3877787807814457e-17,1.3877787807814457e-17,1.3877787807814457e-17,1.3877787807814457e-17,1.3877787807814457e-17,1.3877787807814457e-17,1.3877787807814457e-17,1.3877787807814457e-17,1.3877787807814457e-17,1.3877787807814457e-17,3.469446951953614e-18,2.6020852139652106e-18,1.951563910473908e-18,1.734723475976807e-18,1.734723475976807e-18,1.734723475976807e-18,1.3010426069826053e-18,1.3010426069826053e-18,1.3010426069826053e-18,1.3010426069826053e-18,1.3010426069826053e-18,1.3010426069826053e-18,1.3010426069826053e-18,1.3010426069826053e-18,1.0842021724855044e-18,8.673617379884035e-19,8.673617379884035e-19,8.673617379884035e-19,8.673617379884035e-19,8.673617379884035e-19,8.673617379884035e-19,8.673617379884035e-19,8.673617379884035e-19,7.589415207398531e-19,6.505213034913027e-19,6.505213034913027e-19,6.505213034913027e-19,6.505213034913027e-19,5.421010862427522e-19,5.421010862427522e-19,4.336808689942018e-19,4.336808689942018e-19,4.336808689942018e-19,4.336808689942018e-19,4.336808689942018e-19,4.336808689942018e-19,4.336808689942018e-19,4.336808689942018e-19,4.336808689942018e-19,4.336808689942018e-19,4.336808689942018e-19,4.336808689942018e-19,4.336808689942018e-19,4.336808689942018e-19,4.336808689942018e-19,3.2526065174565133e-19,3.2526065174565133e-19,2.710505431213761e-19,2.710505431213761e-19,2.168404344971009e-19,2.168404344971009e-19,2.168404344971009e-19,2.168404344971009e-19,2.168404344971009e-19,2.168404344971009e-19,2.168404344971009e-19,1.0842021724855044e-19,1.0842021724855044e-19,1.0842021724855044e-19,1.0842021724855044e-19,1.0842021724855044e-19,5.421010862427522e-20,0.0,0.0,0.0,0.0,0.0,0.0,0.0,0.0,0.0,0.0,0.0,0.0,0.0,0.0,0.0,0.0,0.0,0.0,0.0,0.0,0.0,0.0,0.0,0.0,0.0,0.0,0.0,0.0,0.0,0.0,0.0,0.0,0.0,0.0,0.0,0.0,0.0,0.0,0.0,0.0,0.0,0.0,0.0,0.0,0.0,0.0,0.0,0.0,0.0,0.0,0.0,0.0,0.0,0.0
1,0.0018548266637464289,0.0018628160496543462,0.9461985409028499,0.9461725424928504,0.9131174700552274,0.9129474517078493,0.876641313001784,0.8766224982938515,0.5039144248467355,0.0016775082673170555,0.8678378469431877,0.8676710399834067,0.8294714710411488,0.8295012388832699,0.0015488944122404448,0.250209775533551,0.7609429839949648,0.76083426093809,0.7256931566606879,0.7254997394431812,0.7187350281926286,0.718699566344082,0.7187192147490977,0.7185437976756169,0.670346596858445,0.6702636978227147,0.0012831712163871227,0.1777412241981224,0.6417235358030827,0.6416178181590569,0.6117906211581664,0.6116495111675084,0.5892085219074847,0.5891567996127733,0.5867971800480993,0.5867710913189308,0.3748768914394236,0.0011178273293803937,0.0010647875365548147,0.25020694123168186,0.1777388790383006,0.0009484547868652924,0.47847831997653445,0.4783822626968651,0.33512102316129344,0.0009043384409323694,0.44924690779729926,0.4492172926630449,0.4481573678424734,0.44814013835157923,0.04236085441820968,0.0008095586630965,0.3997756394394185,0.39975831897844905,0.000725023486118016,0.04235913849612144,0.5039119096665642,0.000708070662217462,0.35333520155598375,0.35329922955388604,0.33285536609116406,0.3328821117926936,0.31021525491766566,0.3100952258817741,0.2877988823442859,0.28779259016413083,0.2046219423090232,0.26339157338017904,0.2633504041893727,0.25052446543392826,0.2504942970297622,0.22730077367957563,0.22730214088739187,0.0003961658670355601,0.3748751678744684,0.1586996486542145,0.1586687428573123,0.0002594035946499473,0.3351195840655353,0.130046829337007,0.13003716273212057,0.003459994062968338,0.000202328121480131,0.00019480660796566572,0.0034593720957329203,0.038770498005355356,0.00014154464907159523,0.05671430918563586,0.0007777802297002279,0.054638206539911305,0.04904450680515274,0.04783593321729401,0.05328677314867672,0.0007629624091326816,0.051689859384838145,0.0008481447487772231,0.04786429034125228,0.0008311981637542821,0.0008436126145046195,0.05443125870069884,0.0008538837892790357,0.0008235727321060705,0.0009031107832942305,0.046152684354443946,0.048524882436139456,0.04657387465509143,0.04566148589580095,0.050560081629601863,0.05146635898162624,0.03529405086533325,0.04883700203922948,0.04458729443605476,0.000746555885155678,0.0007610712044351692,0.03380286269464,0.040062733195936534,0.0008462861654150864,0.04047488532844501,0.04634298022043767,0.045332268867458766,0.04773588569050406,0.0403116180121319,0.03730828219874041,0.043655964275271894,0.044612196481546004,0.03823536885965096,0.0007360860696535648,0.0007420284787890111,0.037922977897295256,0.0006377002153748811,0.04472161518021807,0.03270853411352113,0.0005998719479367606,0.0004587642122919006,0.0007627429187071033,0.0007411327048498981,0.042388631209217126,0.04119802134436565,0.04118886645590113,0.0420139406929568,0.0009593146186652412,0.03485673908186191,0.0005464145530533577,0.0007810017037682066,0.034384390247589935,0.03952081228388249,0.038923723463486534,0.03437059038404869,0.0373974279336593,0.000701635505965069,0.03795245524414352,0.03760488645748171,0.0290151981610487,0.031167207244633177,0.031088929842555513,0.0008161243493884923,0.0008279913551526687,0.021553603970043758,0.02972885579158624,0.028639108693485488,0.0064306087488174984,0.03461170342005483,0.03134104182002925,6.674584236915833e-05,0.038770080410245815,0.03522483187922966,0.0008987255868058116,0.0006800009002642545,0.023092402612846726,0.0005349939719562729,0.025724363796899737,0.0005705776951154093,0.028788399750155146,0.006432460257103548,0.02740288868166658,0.027383718184653554,0.0006525906962527922,0.025631198234704528,0.0006505946794143942,0.02772888875337244,0.000508882227894143,0.021835198405426345,0.020885413235011904,0.02485639428283118,0.0007276386133697643,0.02601982079695804,0.00046154262754865617,0.023172346888049783,0.0007855831487579042,0.018751536376862922,0.013133758586631222,6.948380672916477e-17,5.551115123125783e-17,0.0,2.710505431213761e-20,5.421010862427522e-20,0.0,4.0657581468206416e-20,2.710505431213761e-20,0.0,0.0,5.551115123125783e-17,5.551115123125783e-17,2.7755575615628914e-17,0.0,0.0,0.0,5.551115123125783e-17,0.0,0.0,0.0,0.0,0.0,0.0,5.551115123125783e-17,0.0,0.0,5.551115123125783e-17,4.163336342344337e-17,1.0842021724855044e-19,2.168404344971009e-19,1.0842021724855044e-19,0.0,1.0842021724855044e-19,0.0,5.551115123125783e-17,0.0,1.3877787807814457e-17,2.710505431213761e-20,0.0,2.7755575615628914e-17,5.551115123125783e-17,5.421010862427522e-20,2.7755575615628914e-17,2.7755575615628914e-17,2.7755575615628914e-17,2.7755575615628914e-17,1.3877787807814457e-17,5.421010862427522e-20,2.7755575615628914e-17,0.0,2.7755575615628914e-17,2.7755575615628914e-17,0.0,2.710505431213761e-20,1.0842021724855044e-19,1.0842021724855044e-19,0.0,5.421010862427522e-20,5.421010862427522e-20,0.0,5.551115123125783e-17,2.7755575615628914e-17,0.0,5.421010862427522e-20,1.3552527156068805e-20,8.131516293641283e-20,0.0,6.938893903907228e-18,0.0,5.421010862427522e-20,8.131516293641283e-20,0.0,0.0,2.710505431213761e-20,2.710505431213761e-20,0.0,8.673617379884035e-19,1.3552527156068805e-20,8.673617379884035e-19,0.0,4.336808689942018e-19,8.673617379884035e-19,0.0,1.734723475976807e-18,1.3010426069826053e-18,6.505213034913027e-19,6.505213034913027e-19,0.0,6.776263578034403e-20,2.168404344971009e-19,0.0,4.336808689942018e-19,3.0357660829594124e-18,8.673617379884035e-19,0.0,0.0,8.673617379884035e-19,0.0,1.3552527156068805e-20,1.5178830414797062e-18,1.0842021724855044e-18,4.336808689942018e-19,6.776263578034403e-21,0.0,6.505213034913027e-19,1.0842021724855044e-18,6.505213034913027e-19,0.0,4.336808689942018e-19,0.0,0.0,8.673617379884035e-19,2.168404344971009e-19,4.336808689942018e-19,0.0,4.336808689942018e-19,5.421010862427522e-19,1.3010426069826053e-18,3.3881317890172014e-21,6.776263578034403e-21,2.710505431213761e-19,1.3552527156068805e-20,6.776263578034403e-21,2.168404344971009e-19,4.336808689942018e-19,0.0,1.0842021724855044e-18,6.776263578034403e-21,1.3552527156068805e-20,1.3552527156068805e-20,0.0,1.6263032587282567e-19,1.6263032587282567e-18,8.131516293641283e-19,3.7947076036992655e-19,1.0164395367051604e-20,1.0842021724855044e-19,1.3877787807814457e-17,0.0,0.0,4.336808689942018e-19,1.1102230246251565e-16,1.3877787807814457e-17,1.734723475976807e-18,1.3010426069826053e-18,8.673617379884035e-19,6.505213034913027e-19,0.0,1.3877787807814457e-17,2.710505431213761e-20,5.551115123125783e-17,0.0,2.168404344971009e-19,5.551115123125783e-17,2.7755575615628914e-17,5.551115123125783e-17,1.734723475976807e-18,4.336808689942018e-19,0.0,5.551115123125783e-17,0.0,1.734723475976807e-18,1.734723475976807e-18,0.0,0.0,0.0,8.326672684688674e-17,1.3877787807814457e-17,8.131516293641283e-20,0.0,0.0,2.7755575615628914e-17,8.131516293641283e-20,5.551115123125783e-17,0.0,0.0,0.0,1.734723475976807e-18,0.0,5.551115123125783e-17,0.0,6.776263578034403e-21,0.0,5.421010862427522e-20,5.421010862427522e-20,2.7755575615628914e-17,3.469446951953614e-18,8.673617379884035e-19,0.0,1.734723475976807e-18,0.0
2,7.458020943888317e-06,2.0388746662949736e-06,0.002567256285600154,0.0025697861746735865,0.9131667654295812,0.9131062928823578,0.64933161114864,0.002383615893966267,0.5039153530829452,3.2041811232948598e-06,0.0023531761911979843,0.2260668723160829,0.8295191031970661,0.8295047430596525,1.4556408856865088e-06,0.25026442109438896,0.7609889728483865,0.7609660325837991,0.7256957723019132,0.7256250703113691,0.0019468727990199631,0.43091366592700014,0.7187192597433143,0.7185868931010537,0.6703488198481071,0.6703037164998782,2.7085395549864716e-06,0.1777306277130935,0.0017364738151266347,0.22606060797512068,0.6118251206030576,0.6117549214825033,0.5892416703925418,0.5891918239266405,0.5868301146692705,0.5868016439820043,0.0010225485730414698,1.3311792344951004e-06,1.6751653609084892e-06,0.250264226505506,0.17773047063557873,2.944906315773068e-06,0.4784778024865514,0.47840694090181984,0.3351427511222773,1.5151568950106137e-06,0.001086275134197538,0.001216127993085625,0.0010821696825947151,0.0012122301136949167,0.00011764342254250086,1.3985317699748212e-06,0.39979619947291034,0.3997817747089869,2.9860674196516103e-06,0.00011759623769004594,0.5039151762947454,6.463160393030058e-07,0.22328451894474993,0.0009593530461708326,0.33287238500270994,0.3328827726993218,0.3102147877587327,0.3101483042207009,0.0007721999143329983,0.43090926394592066,0.12787095733778453,0.2633911405177695,0.2633649101176905,0.25052402183569433,0.2504947362086869,0.6493265119309923,0.0006144579336979536,2.933681831090239e-06,0.0010225155600745077,0.1175028157851193,0.0004288740654450076,1.196074772138189e-07,0.3351425569325597,0.22328195263391426,0.0003514715669153195,0.003461582359648191,4.383072089402716e-07,8.388429563503044e-08,0.003461437164789272,0.03877301267596821,6.399574515011564e-08,0.0014781563873916084,0.0006785719368268828,0.03900061236515105,0.037612141657347484,0.035805153376760976,0.037958516371828385,0.0006638121653528863,0.0017757894544504962,0.0007251814378891543,0.0014616446492480423,0.0007102930518650905,0.00012418077022991944,0.0015395771176533435,0.0007254931665344102,8.166964204758448e-05,0.0007657375510472363,0.0015892318329812777,0.03385183039406155,0.031253734994841,0.0013168305799535966,0.0016710536130684728,0.043653422022406144,0.02770803851276877,0.03528157489172923,0.04037934886259351,0.0006320606780548687,0.00012401132478722705,0.031134076944867282,0.0013399846267313376,0.0006173549466950813,0.0013300509467533013,0.0013348490670477163,0.0016097311666127918,0.00160424569469261,0.03556492833392552,0.0016099226904522394,0.0013829530093962094,0.0015682543172528467,0.0015389513389133108,0.0006173210473513014,8.147315810451623e-05,0.02657905137443345,0.00046813459230203786,0.036656649378878046,0.03213525475162704,0.0002454930608996967,0.00041340886241015716,0.0006842093388080683,0.0006169297127061244,0.028617111587981494,0.1175016630329734,0.00010951237687675138,0.03436323338552426,0.0006995234111894924,0.03092325768173542,0.00043626053720066335,0.0005781526007641719,0.030572052953820324,0.03051486157552019,0.035565994144585326,0.00860608282504106,0.0012236336629728585,0.0005765133068140725,0.0197033261839338,0.0013336697915490416,0.0011869045527099567,0.02683420189714819,0.025382111986288057,0.0006626457945596435,0.0006796626794955596,0.020444590337704772,0.02512626616114365,0.0008208884469206595,0.005966423987883872,0.0013247090010352507,0.001330359760169611,2.6418587791145082e-08,0.03877287191187705,0.025535674522915164,0.0007256055532900469,0.0002456858745541953,0.0007388315860917879,0.000245337472271948,0.008601494483215684,0.0004374287881530463,0.02470129360730767,0.005966413462086687,0.023369818988948465,0.0012834167023452483,0.0005612387938949742,0.001515520612244539,0.00024562446466490427,0.0011893386190206545,0.0004260552702007339,0.020396176431477994,0.020390059936238908,0.023328198035268873,0.0006259366077086843,0.022346448102275755,0.0003958720841350736,0.019318731113081987,0.0006167218203273171,0.015961531815160995,0.01307876326347435,1.4419783014938802e-17,0.0,1.0842021724855044e-19,4.235164736271502e-22,8.470329472543003e-22,0.0,1.0587911840678754e-22,0.0,2.7755575615628914e-17,0.0,0.0,2.168404344971009e-19,2.7755575615628914e-17,2.7755575615628914e-17,0.0,2.7755575615628914e-17,5.551115123125783e-17,0.0,2.7755575615628914e-17,8.326672684688674e-17,0.0,0.0,0.0,5.421010862427522e-20,1.0842021724855044e-19,0.0,5.551115123125783e-17,2.168404344971009e-19,0.0,4.235164736271502e-22,7.411538288475128e-22,2.117582368135751e-22,0.0,0.0,0.0,0.0,1.3877787807814457e-17,0.0,3.2526065174565133e-19,0.0,5.421010862427522e-20,2.117582368135751e-22,2.7755575615628914e-17,1.3877787807814457e-17,1.3877787807814457e-16,1.6263032587282567e-19,5.421010862427522e-20,0.0,1.3877787807814457e-17,0.0,1.0842021724855044e-19,2.7755575615628914e-17,0.0,2.117582368135751e-22,2.117582368135751e-22,4.235164736271502e-22,1.0587911840678754e-22,2.117582368135751e-22,0.0,5.421010862427522e-20,5.421010862427522e-20,0.0,8.470329472543003e-22,4.235164736271502e-22,1.5881867761018131e-22,5.293955920339377e-23,0.0,4.85722573273506e-17,1.6263032587282567e-19,0.0,8.470329472543003e-22,1.5881867761018131e-22,2.7755575615628914e-17,1.0587911840678754e-22,8.470329472543003e-22,0.0,0.0,0.0,0.0,0.0,8.673617379884035e-19,8.673617379884035e-19,0.0,4.336808689942018e-19,0.0,6.505213034913027e-19,0.0,1.3552527156068805e-20,0.0,5.421010862427522e-19,0.0,0.0,4.336808689942018e-19,2.168404344971009e-19,2.710505431213761e-20,0.0,0.0,4.0657581468206416e-20,3.3881317890172014e-21,2.168404344971009e-19,2.168404344971009e-19,3.2526065174565133e-19,0.0,2.168404344971009e-19,2.168404344971009e-19,0.0,8.673617379884035e-19,4.336808689942018e-19,1.3010426069826053e-18,0.0,4.336808689942018e-19,4.336808689942018e-19,0.0,1.7618285302889447e-19,1.2197274440461925e-19,2.710505431213761e-20,1.3552527156068805e-20,1.0842021724855044e-19,3.3881317890172014e-21,8.470329472543003e-21,1.0164395367051604e-20,3.3881317890172014e-21,2.964615315390051e-21,0.0,2.168404344971009e-19,4.336808689942018e-19,4.0657581468206416e-20,6.776263578034403e-21,0.0,6.776263578034403e-21,1.0164395367051604e-20,0.0,2.168404344971009e-19,4.336808689942018e-19,2.168404344971009e-19,6.776263578034403e-21,6.505213034913027e-19,1.3877787807814457e-17,0.0,0.0,0.0,7.632783294297951e-17,1.0842021724855044e-19,1.734723475976807e-18,8.673617379884035e-19,8.673617379884035e-19,8.673617379884035e-19,0.0,1.0842021724855044e-19,0.0,0.0,0.0,0.0,0.0,5.551115123125783e-17,0.0,0.0,8.673617379884035e-19,0.0,0.0,0.0,0.0,0.0,6.505213034913027e-19,1.0842021724855044e-19,0.0,2.7755575615628914e-17,1.6263032587282567e-19,4.235164736271502e-22,2.168404344971009e-19,0.0,0.0,5.293955920339377e-22,0.0,0.0,0.0,4.336808689942018e-19,0.0,5.551115123125783e-17,0.0,5.421010862427522e-20,6.776263578034403e-21,2.117582368135751e-22,0.0,0.0,4.163336342344337e-17,0.0,0.0,0.0,5.421010862427522e-20,0.0
3,4.375763671478167e-06,5.1838853228170585e-06,7.342012844955835e-05,6.822262534671956e-05,0.00019210855638534266,0.00019244821206736075,0.00013694270600162368,1.4620773016174933e-05,0.5039438194549737,4.504948711844698e-06,5.1531627761261856e-05,4.5800862850324246e-05,0.8296264564579019,0.8295837909373269,4.081988309330528e-06,5.260212910792236e-05,0.3612118766641821,0.00016021873810223998,0.39281965644772676,0.00015272610724623338,5.686186439346191e-05,0.43095221789987415,0.7187597136795805,0.7186695868642501,0.6704140924350553,0.6703812479440467,3.385321319791555e-06,0.1777534528968041,1.4623159513076332e-05,4.579720758514164e-05,0.02499421009630362,0.00012981924670724799,0.5893196211427163,0.5892604432869237,0.024994148623463636,0.00012440745238272757,2.7087528802576834e-05,1.0894040729102735e-06,2.759678573765375e-06,5.260214219572894e-05,0.17775344929417175,3.2320148600295177e-06,0.16826560449771602,0.00010161084122286158,0.33518141632217235,2.4670499616490705e-06,0.0010906770578265569,3.3627096775258876e-05,0.0010906190534747616,3.602125055719915e-05,2.992153216864672e-06,1.08540384814775e-06,8.500635193381357e-05,0.3612118076175974,5.835408633664621e-07,2.9909073231890544e-06,0.5039438155859224,1.9933230636727216e-06,0.22330833052929155,2.5999676873843853e-05,7.083112952921183e-05,0.3928195856827922,0.16826555945222274,6.680718103289275e-05,2.282451917469346e-05,0.43095216142872167,0.05345252650573632,0.2634069975457879,0.2634004179847705,0.25053910716550143,0.25051996440594027,0.0001369582469396841,5.154129247906735e-05,5.799788745480098e-07,2.7086658679754855e-05,0.11750800730732025,1.2865427071295195e-05,7.475609054467078e-07,0.3351814118549176,0.22330826327004133,1.0548183785432834e-05,0.003461339278311819,6.64266133544863e-07,5.622793060790531e-07,0.003461336439049491,8.30474440789108e-06,4.0822674238816156e-06,7.64575302852417e-05,1.1759708259809685e-06,0.0002697416085990066,0.0003074914973365762,0.0002727361165089404,0.0002915869028945314,1.5823092677838277e-06,8.148972070977638e-05,1.5797251971252577e-06,3.80187223322006e-05,0.00011318428450518122,1.9935787167166056e-05,0.0002752642627455936,0.00011568479665572575,1.301889026313786e-05,0.0001222248578723182,0.0004297392353262965,0.0002417009071082277,0.011536054983067794,0.00021037665122539552,7.64586883863621e-05,0.00033648536290640824,0.00025401789136722953,0.0002774971692709443,0.0003348915508662561,0.00010171914445852397,1.9949066581626258e-05,0.00022321663264353127,0.0003269553597517766,3.58173711862105e-06,0.0002198371068478948,0.00021600468441540337,0.00040735680462923357,8.15115316290863e-05,0.023271968364644707,8.1539574372575e-05,0.00036458547335985506,0.00042457961839652405,0.00042107941622256454,1.1789663293939506e-06,1.3014371765668547e-05,0.00029638670611596387,6.313549200088887e-05,0.02197986641742177,0.02294476756879814,3.9854348326363184e-05,3.5879573830688903e-06,0.00010056631487876422,9.929047140558252e-05,0.00029776792776691147,0.11750798050065467,3.465454017144953e-06,0.000316806464824337,3.5794377489464917e-06,0.01943993227596192,5.18985659038943e-05,8.106599073572595e-05,0.0003017547100923016,0.01543373932798084,0.0003121247797454085,0.011567987697200292,3.805334930503209e-05,9.269404374565691e-05,0.011536125264250557,0.0002776040588008764,0.000287601607012331,0.016901541573532887,0.013357058616354334,0.00010549820719221907,0.00010952048443556311,0.010575921750941616,0.011862148631279844,0.00015125895060907147,0.0056417581994274366,0.0002775364368022054,0.0003288997617071453,2.7599770934078308e-06,8.30484378650116e-06,0.00028330550470743294,0.0001157640842375559,3.986760367383279e-05,0.00012996538147184446,3.9864919460625946e-05,0.01156800901016938,5.2112097168431496e-05,0.01779967951786541,0.005641758586329463,0.009588851639149576,0.0002169562477829224,7.582374908810888e-05,0.0004253795781474953,3.98663683593943e-05,8.158497454683061e-05,3.5889964341831423e-06,0.009859193200247075,0.014614612391657344,0.012785829676709968,9.113883755675437e-05,0.0003168455366757652,4.888825944488068e-05,0.01124437724208598,9.932436334452209e-05,0.00020075284900010286,0.009607872489684201,2.7746046494972303e-17,2.7755575615628914e-17,0.0,0.0,0.0,0.0,0.0,0.0,2.7755575615628914e-17,0.0,2.7755575615628914e-17,0.0,6.776263578034403e-21,6.776263578034403e-21,1.3877787807814457e-17,0.0,0.0,0.0,6.776263578034403e-21,0.0,8.470329472543003e-22,0.0,0.0,0.0,1.6940658945086007e-21,0.0,0.0,0.0,0.0,0.0,6.617444900424222e-24,1.0587911840678754e-22,0.0,0.0,3.3881317890172014e-21,0.0,8.326672684688674e-17,0.0,0.0,1.3552527156068805e-20,0.0,0.0,2.7755575615628914e-17,0.0,0.0,3.3881317890172014e-21,3.3881317890172014e-21,4.235164736271502e-22,6.776263578034403e-21,0.0,3.3881317890172014e-21,6.776263578034403e-21,0.0,8.271806125530277e-24,0.0,6.352747104407253e-22,0.0,0.0,0.0,1.3234889800848443e-22,6.776263578034403e-21,0.0,1.3234889800848443e-23,0.0,2.117582368135751e-22,4.235164736271502e-22,4.963083675318166e-24,5.082197683525802e-21,1.0587911840678754e-22,0.0,0.0,0.0,0.0,5.293955920339377e-23,1.3234889800848443e-23,0.0,4.336808689942018e-19,2.541098841762901e-21,1.734723475976807e-18,0.0,1.0164395367051604e-20,0.0,0.0,4.336808689942018e-19,0.0,1.0842021724855044e-19,1.3552527156068805e-20,6.776263578034403e-21,0.0,2.168404344971009e-19,0.0,6.776263578034403e-21,1.6940658945086007e-20,5.082197683525802e-21,3.3881317890172014e-21,3.3881317890172014e-21,1.0164395367051604e-20,1.3552527156068805e-20,0.0,2.168404344971009e-19,6.505213034913027e-19,2.168404344971009e-19,0.0,0.0,6.776263578034403e-21,1.0164395367051604e-20,3.3881317890172014e-21,6.776263578034403e-21,8.673617379884035e-19,0.0,0.0,4.336808689942018e-19,2.168404344971009e-19,4.675621868843738e-19,1.7957098481791167e-19,2.710505431213761e-20,1.6940658945086007e-20,0.0,1.6940658945086007e-21,0.0,0.0,1.6940658945086007e-21,1.9058241313221758e-21,0.0,8.673617379884035e-19,4.336808689942018e-19,8.470329472543003e-22,0.0,0.0,6.776263578034403e-21,6.776263578034403e-21,1.0164395367051604e-20,1.8634724839594607e-20,2.1006417091906648e-19,3.2526065174565133e-19,0.0,0.0,1.0164395367051604e-20,0.0,0.0,6.776263578034403e-21,3.3881317890172014e-21,1.0587911840678754e-22,0.0,4.336808689942018e-19,4.336808689942018e-19,2.168404344971009e-19,1.3877787807814457e-17,0.0,0.0,4.235164736271502e-21,1.734723475976807e-18,0.0,2.7755575615628914e-17,0.0,1.3552527156068805e-20,8.673617379884035e-19,1.734723475976807e-18,2.7755575615628914e-17,2.7755575615628914e-17,1.3552527156068805e-20,0.0,0.0,0.0,1.0842021724855044e-19,4.336808689942018e-19,2.7755575615628914e-17,3.3881317890172014e-21,2.117582368135751e-22,1.6940658945086007e-21,0.0,3.3881317890172014e-21,0.0,0.0,0.0,1.3552527156068805e-20,6.776263578034403e-21,0.0,1.3552527156068805e-20,8.470329472543003e-22,0.0,3.3881317890172014e-21,5.293955920339377e-23,0.0,0.0,0.0,0.0,2.710505431213761e-20,6.776263578034403e-21,0.0,0.0
4,2.2046316924285354e-05,3.209349385804516e-05,3.713574578574874e-06,9.109490411518086e-07,7.526177957010373e-05,4.974499143253465e-05,7.082777322660634e-05,1.562518601918876e-06,0.5039070554340417,2.7404853785876115e-05,4.5444879554472214e-06,1.5927899914874016e-05,2.1721613339136626e-06,1.8818926200952293e-05,2.632344543779691e-05,1.5899859018225968e-05,0.36122303022136604,4.905106012614887e-05,5.516173885396869e-06,2.6206227675465686e-05,4.180089495430398e-06,0.4309601082043035,0.7187269890965915,0.7187028365376078,2.796346226370091e-05,0.08108530362976885,1.828381438134072e-05,2.439271604199178e-06,1.5556750874227005e-06,1.592496541988754e-05,1.1692240538802116e-05,3.1046795477485614e-05,1.459261210339583e-05,0.08107901692598687,9.153024900611621e-06,7.948082014996825e-06,2.592699874191844e-06,8.177553130923547e-06,1.6526741579440864e-05,1.5898751659098044e-05,2.4399670803473923e-06,2.1498260521924647e-05,0.16824223241649053,5.816674684024638e-05,0.3351836083915422,1.5286630381817772e-05,8.993306826488964e-07,9.261656639613233e-07,9.110298990053403e-07,9.866697944526057e-08,5.044129850618901e-06,8.171231593966081e-06,5.029104209819525e-05,0.3612188411455898,1.9258070053110103e-06,5.139766376663402e-06,0.5039068044644788,1.219785094198825e-05,7.295259935390239e-06,7.034424892155083e-07,5.7699516205887735e-06,4.62855687626619e-06,0.16823907809123445,3.753470070105626e-05,1.880494952491061e-06,0.4309600301387958,0.029692753485569493,0.012885055019952199,1.2094291478826872e-05,0.012875139647081604,2.1890377197574094e-05,7.08157601317763e-05,4.4281257843591085e-06,1.9744483379560427e-06,2.6595090568117247e-06,0.1174965768690723,1.285055913684078e-06,4.670485218368391e-06,0.33518336822820793,7.304623092539288e-06,1.324538299448925e-07,7.184446359141237e-07,2.1645552324111845e-05,1.843551875895565e-05,7.408193598861551e-07,4.813781584444578e-06,2.6295341614469573e-05,6.749640525782283e-05,1.0624957974630678e-05,0.002021924571471969,0.0024563274703217116,0.0010703337625269976,0.0014876338378485392,1.4166595569163244e-05,7.194635457766633e-05,1.4211848712308657e-05,3.363087569525668e-05,0.0009541377653132057,0.00017451588407966243,0.0002759762508223086,2.8866297303888544e-05,0.00011403516105600966,3.7715194633490843e-05,6.103776564942191e-05,0.0016243375068584606,0.015949321517774943,4.417534063920059e-05,6.74865977960986e-05,0.0032732073960200425,0.0019764138433685154,0.0019760570791161345,0.0014870544492494868,0.0008548841984043765,0.00017479180359444607,0.002123021092310389,0.00013537554153181274,3.17036504913262e-05,0.0002264333857123552,6.111490797339796e-05,0.0003698568147602055,7.193388079379992e-05,0.0037898025284916156,7.197098212585587e-05,0.0002876521287696449,4.414454627539737e-05,0.00033724735276076433,1.0627839780892671e-05,0.00011395912856736377,0.0023021569357715662,0.0003342422958100676,0.00436040941218723,0.0039844897217073925,0.00034916772033643866,3.174722246855656e-05,8.798843451166037e-05,3.7798536365815565e-05,0.002261607777819157,0.1174965373948777,4.646028830340006e-07,0.0010706197633492086,3.1684354510562145e-05,0.004165593664761289,8.797264958762072e-05,0.0004915521753975128,0.002838493877504053,0.004306601031242892,0.0019754268068572613,0.01650538988377674,3.364097878153165e-05,2.8900076753624582e-05,0.01594942953755412,0.0001354526598149249,0.0001354521050790494,0.010200726330291777,0.004050514559608956,0.0008864338806815757,0.0009230750054180684,0.0034707636128124106,0.003008811966667306,0.00020966459628866659,0.0077841651504402445,0.00013542341422825073,0.0003004003004833884,1.6497323099412996e-05,4.80606242114866e-06,0.0019765174961650363,0.0009763628692479832,0.0003494347089455298,0.0001906762700896618,0.0003493851529017564,0.016505390568781777,8.804372167410765e-05,0.013013081827042847,0.007784176029993475,0.0030086273212763253,0.00022329839306442522,0.0005669211393256777,0.00034045597611158883,0.0003493763579632916,7.197554368337035e-05,3.170336810304821e-05,0.004270884318745886,0.003971865426209531,0.0034303843832307053,8.80753418140631e-05,0.00299493526961592,0.00033063551517696925,0.004179009566939982,0.0008334631553501368,0.0018262157144739435,0.011452308476990487,2.7751234571774235e-17,1.6940658945086007e-21,1.0587911840678754e-22,0.0,4.235164736271502e-22,2.541098841762901e-21,0.0,0.0,0.0,0.0,2.7755575615628914e-17,1.0587911840678754e-22,0.0,1.6940658945086007e-21,4.163336342344337e-17,2.7755575615628914e-17,0.0,2.117582368135751e-22,3.3881317890172014e-21,0.0,4.235164736271502e-22,6.776263578034403e-21,1.3552527156068805e-20,6.352747104407253e-22,0.0,1.0587911840678754e-22,0.0,0.0,4.235164736271502e-22,5.293955920339377e-23,5.293955920339377e-23,0.0,1.0587911840678754e-22,0.0,1.0587911840678754e-22,3.1763735522036263e-22,2.7755575615628914e-17,0.0,8.470329472543003e-22,1.3552527156068805e-20,1.0587911840678754e-22,3.970466940254533e-23,3.3881317890172014e-21,3.3881317890172014e-21,3.3881317890172014e-21,0.0,2.117582368135751e-22,1.0587911840678754e-22,3.3881317890172014e-21,0.0,0.0,6.776263578034403e-21,1.3552527156068805e-20,5.293955920339377e-23,0.0,1.0587911840678754e-22,3.3881317890172014e-21,2.117582368135751e-22,4.235164736271502e-22,2.6469779601696886e-23,1.0587911840678754e-22,0.0,0.0,0.0,1.6940658945086007e-21,0.0,2.6469779601696886e-23,5.082197683525802e-21,5.293955920339377e-23,5.293955920339377e-23,2.6469779601696886e-23,4.235164736271502e-22,2.7755575615628914e-17,8.470329472543003e-22,0.0,5.421010862427522e-20,0.0,0.0,4.336808689942018e-19,0.0,5.421010862427522e-20,1.6263032587282567e-19,1.0842021724855044e-19,6.505213034913027e-19,1.734723475976807e-18,4.336808689942018e-19,3.3881317890172014e-21,2.710505431213761e-20,5.421010862427522e-20,1.3552527156068805e-20,0.0,3.3881317890172014e-21,1.0842021724855044e-19,5.421010862427522e-20,0.0,0.0,0.0,1.3552527156068805e-20,7.623296525288703e-21,6.505213034913027e-19,8.673617379884035e-19,4.0657581468206416e-20,0.0,5.421010862427522e-20,8.978549240895584e-20,1.6263032587282567e-19,5.421010862427522e-20,1.0842021724855044e-19,4.336808689942018e-19,2.168404344971009e-19,0.0,0.0,1.3552527156068805e-19,3.3881317890172014e-21,5.082197683525802e-20,0.0,1.3552527156068805e-20,2.710505431213761e-20,0.0,0.0,3.3881317890172014e-21,0.0,9.317362419797304e-21,8.470329472543003e-22,0.0,2.168404344971009e-19,2.710505431213761e-20,0.0,0.0,0.0,6.776263578034403e-21,5.421010862427522e-20,2.710505431213761e-20,1.7279472123987727e-19,2.168404344971009e-19,0.0,2.574980159653073e-19,3.3881317890172014e-21,0.0,0.0,1.6263032587282567e-19,1.6940658945086007e-21,3.970466940254533e-23,0.0,6.505213034913027e-19,8.673617379884035e-19,4.336808689942018e-19,3.3881317890172014e-21,0.0,1.6940658945086007e-21,4.235164736271502e-22,0.0,0.0,2.7755575615628914e-17,1.6940658945086007e-21,0.0,0.0,4.336808689942018e-19,5.082197683525802e-21,0.0,0.0,0.0,0.0,4.336808689942018e-19,2.168404344971009e-19,4.336808689942018e-19,5.551115123125783e-17,8.470329472543003e-22,0.0,0.0,0.0,8.470329472543003e-22,0.0,5.551115123125783e-17,0.0,1.0842021724855044e-19,0.0,0.0,0.0,4.235164736271502e-22,0.0,0.0,4.235164736271502e-22,5.421010862427522e-20,5.421010862427522e-20,1.3877787807814457e-17,1.3552527156068805e-20,6.776263578034403e-21,1.3552527156068805e-20,1.3552527156068805e-20,0.0
5,5.456813751613958e-06,6.051551052378133e-06,1.5950551254812754e-05,9.32608714921471e-06,8.143671092589627e-06,6.506026783995959e-06,6.699913795863242e-06,2.9074409725091573e-07,6.435799773899835e-05,1.6002296248202125e-06,1.2914156710190863e-05,2.6623234274917946e-07,2.259182870481615e-05,2.6958574915813942e-05,5.861265669259426e-06,1.8686631124568773e-06,4.9454836025403424e-05,3.8399469240525955e-06,1.4233643455380357e-05,1.2524502002995558e-06,1.1603386739369947e-05,5.6873320681919695e-05,9.690060202031302e-05,9.743508183812245e-05,2.4607387814234505e-05,1.570780292335281e-05,5.3237148616072125e-06,6.366485033955067e-06,2.859024200404244e-07,2.608290644420092e-07,7.397192038509735e-07,1.1788250135983403e-06,2.0462766270900066e-05,1.5801537708484096e-05,7.324335859844455e-07,2.117552274298814e-06,3.5164897446559154e-06,2.0350651467467356e-06,4.908184600392215e-06,1.868905688056187e-06,6.366322761518177e-06,5.10941514297606e-06,2.0708613462337063e-05,3.6289955591258655e-08,4.0071754061770304e-05,1.611611013843534e-06,1.033230904397783e-06,9.638090210474332e-07,1.0548266277111602e-06,5.33148961390303e-06,7.987831787165897e-07,2.060228214141523e-06,1.2060671841291562e-09,4.945384120974954e-05,1.7200755049558767e-07,7.770515756471524e-07,6.434102924641593e-05,6.516928236038838e-07,6.941992916637546e-06,8.284002913500079e-07,2.0468922303378813e-06,1.4231087085768011e-05,2.070362462859389e-05,3.895599079556532e-06,4.771279642995011e-06,5.687367584670455e-05,0.0007083495130293498,1.3195737752402028e-06,2.065684687669796e-05,1.8968949777508552e-06,2.511445869119188e-05,6.7220406110658714e-06,1.2925752872847248e-05,1.8651029431353843e-07,3.531668457264069e-06,1.4443365194661831e-05,1.1634257491610508e-05,7.615824317007221e-07,4.005967576775214e-05,6.924698627317061e-06,5.210645056829675e-06,4.389230614614677e-07,5.080515340241385e-06,5.293895525676995e-06,4.338364180039767e-07,2.987819390895962e-07,5.862027189732951e-06,9.156394687324658e-05,5.020286811965424e-06,3.515666643832866e-05,6.137003620277525e-05,5.7386312316526586e-05,7.97176790490479e-05,6.713818905270919e-06,9.759674304391216e-05,6.713012445291884e-06,4.56116859403807e-05,8.562338591854563e-05,8.331811428632742e-05,2.7880336042513203e-05,1.3828589846383768e-05,5.440462112677035e-05,1.8061742029222052e-05,8.297373941744293e-05,8.081766606286907e-05,0.013639027259961141,6.000131438510433e-05,9.15675096240252e-05,6.138989647776513e-05,0.0001058762385876454,0.00010585912179918408,7.972365195473753e-05,7.127206825054979e-05,8.335969527230757e-05,8.080234647101316e-05,0.00018388481855662327,1.5064624826233806e-05,1.6376692514804894e-05,8.299255841329905e-05,6.108659607867746e-05,9.760038405040377e-05,0.00034530872507452273,9.763854056752227e-05,1.6404100814671533e-05,5.998517925961581e-05,2.7906853750143003e-05,5.0203172109889326e-06,5.4375528397919515e-05,8.077922550720967e-05,0.0001433564106384103,0.0003839708207982526,0.00038401360252015985,0.00016657964988389912,1.5063099327330775e-05,4.202948445808567e-05,1.8066945430286372e-05,8.080600931171997e-05,1.4436379180387396e-05,4.807948485459313e-06,5.73934732680183e-05,1.5062863682032213e-05,0.000345328371800532,4.203269059270183e-05,0.00014337569774075211,3.5170639258594956e-05,0.0006366392879411313,0.00010585825952294132,0.011457124999037768,4.5625065673681355e-05,1.3824907827346868e-05,0.013639027924124168,0.00018389931360921632,0.00018391028519708916,0.004441126639954645,0.0006366107371476675,7.130224194569585e-05,8.564662802803878e-05,0.0006365537277580245,0.0025293593117495044,6.104737791825626e-05,0.0023487501663318738,0.00018390233220430384,6.107455441299248e-05,4.9088991528261926e-06,3.0052991478899887e-07,0.00010587630167901609,0.00036434327929157917,0.00016662299496961546,6.103223016964268e-05,0.00016663461060237485,0.011457126958930846,4.203409610266609e-05,0.0008934253892485927,0.0023487504889156954,0.0025293600746311693,0.00016879544389831547,0.00014339086424867867,0.00041539268200670805,0.00016660691350183242,9.765203514724784e-05,1.506461729746542e-05,0.004441048308527746,0.0014241661014048335,0.0006365671333348542,4.2033890615326126e-05,0.00015186640105804253,0.00014338040155329802,0.0013736321396317953,0.00035466488221757946,8.081408784582251e-05,0.001098197747797569,2.6469779601696886e-21,0.0,1.0587911840678754e-22,0.0,5.293955920339377e-23,1.0587911840678754e-22,0.0,1.3234889800848443e-23,3.3881317890172014e-21,1.6940658945086007e-21,3.3881317890172014e-21,2.117582368135751e-22,3.970466940254533e-23,2.117582368135751e-22,2.7755575615628914e-17,0.0,1.0587911840678754e-22,5.293955920339377e-23,5.293955920339377e-23,0.0,5.293955920339377e-23,8.470329472543003e-22,2.117582368135751e-22,2.117582368135751e-22,0.0,2.117582368135751e-22,0.0,0.0,0.0,0.0,6.617444900424222e-24,5.293955920339377e-23,0.0,0.0,3.970466940254533e-23,7.940933880509066e-23,2.7755575615628914e-17,2.117582368135751e-22,8.470329472543003e-22,0.0,1.0587911840678754e-22,3.308722450212111e-24,0.0,1.5881867761018131e-22,0.0,2.117582368135751e-22,5.293955920339377e-23,1.3234889800848443e-23,1.0587911840678754e-22,0.0,0.0,2.117582368135751e-22,0.0,0.0,0.0,5.293955920339377e-23,0.0,5.293955920339377e-23,2.117582368135751e-22,0.0,2.6469779601696886e-22,1.1102230246251565e-16,1.0587911840678754e-22,0.0,4.235164736271502e-22,8.470329472543003e-22,1.6543612251060553e-24,4.632211430296955e-23,5.293955920339377e-23,0.0,0.0,4.235164736271502e-22,2.7755575615628914e-17,0.0,5.293955920339377e-23,6.776263578034403e-21,5.421010862427522e-20,0.0,1.0842021724855044e-19,0.0,8.470329472543003e-21,5.082197683525802e-21,7.623296525288703e-21,0.0,5.421010862427522e-20,0.0,3.049318610115481e-20,0.0,0.0,7.453889935837843e-20,2.710505431213761e-20,3.049318610115481e-20,0.0,6.776263578034403e-21,0.0,1.0164395367051604e-20,1.0164395367051604e-20,0.0,1.1434944787933055e-20,4.0657581468206416e-20,4.0657581468206416e-20,1.0164395367051604e-20,0.0,0.0,3.7269449679189215e-20,3.3881317890172014e-21,0.0,8.470329472543003e-22,6.776263578034403e-21,1.0842021724855044e-19,1.0842021724855044e-19,5.421010862427522e-20,5.421010862427522e-20,8.470329472543003e-22,2.371692252312041e-20,5.421010862427522e-20,6.776263578034403e-21,2.710505431213761e-20,0.0,1.3552527156068805e-20,1.3552527156068805e-20,2.710505431213761e-20,4.362219678359647e-20,0.0,1.0842021724855044e-19,2.710505431213761e-20,6.776263578034403e-21,1.3552527156068805e-20,0.0,0.0,0.0,8.470329472543003e-22,1.6940658945086007e-21,9.317362419797304e-20,4.0657581468206416e-20,2.710505431213761e-20,3.3881317890172014e-20,1.0587911840678754e-22,4.235164736271502e-22,6.776263578034403e-21,3.3881317890172014e-21,4.632211430296955e-23,2.6469779601696886e-23,1.0842021724855044e-19,0.0,2.710505431213761e-20,2.710505431213761e-20,0.0,5.293955920339377e-23,0.0,0.0,1.0842021724855044e-19,5.421010862427522e-20,0.0,4.235164736271502e-22,0.0,1.0842021724855044e-19,0.0,4.235164736271502e-22,0.0,2.117582368135751e-22,0.0,2.710505431213761e-20,0.0,4.0657581468206416e-20,5.421010862427522e-20,0.0,5.293955920339377e-23,0.0,5.293955920339377e-23,2.710505431213761e-20,5.293955920339377e-23,0.0,5.551115123125783e-17,0.0,3.3881317890172014e-21,6.776263578034403e-21,6.776263578034403e-21,0.0,0.0,0.0,0.0,2.117582368135751e-22,2.710505431213761e-20,1.3552527156068805e-20,1.3877787807814457e-17,1.3552527156068805e-20,6.776263578034403e-21,1.3552527156068805e-20,0.0,0.0
6,0.010918501989644013,0.008693790774681872,0.027288127985055144,0.026555419583633243,0.03283535540218717,0.008958719510891704,0.0412813346035005,0.021712323146037153,0.008091268035643442,0.0035166440594252557,0.008813765777535058,0.015220452016683308,0.0010268584013194701,0.010454317121335266,0.004831646135329843,0.00531736658029033,0.009364120444385882,0.021608284825929414,0.010408618802476764,0.011411530986448398,0.014458523653676315,0.005364171415380095,0.012177683770011811,0.0034580362832781443,0.0004335868502005108,0.00057787309058049,0.007908537248968636,0.0004165917278110706,0.021812257582974115,0.014997602232904724,0.008892666678175223,0.011456648149510239,0.00021111757546566755,0.0005816672157014544,0.00962740747388802,0.004861442680102779,0.01938459315974557,0.005928433402595922,0.00023607196932395316,0.005316231796930545,0.0004146471402684354,0.0036663909537060146,0.011131362878473302,0.0054997461527580005,0.005248610752603487,0.0035279776818498473,0.007332472403535108,0.0006734757531293522,0.007538154025692278,0.0026919223142399685,0.0020567271753468815,0.005945664780164804,0.0054759380361638745,0.009515140479702729,0.0027079341730925502,0.0020562863699602777,0.008072887110175547,0.0018102928938675033,0.0062929321485260354,0.0007550868979683958,0.00458461677065991,0.011082805188957795,0.010993478901064106,0.02153146084827058,0.027881760905681188,0.00533745492282378,0.10030646935636643,0.0002386113637188591,0.0002165674504285729,0.0002371185367985035,0.00042761478308105637,0.04137385739034516,0.008933399945133107,0.0026859849140489192,0.019370918142282298,0.005013576406973945,0.0144785211940562,0.0018221071255531598,0.005256458546234787,0.006309774056559678,0.002773254105364116,0.0006213947393392562,0.003675402407627335,0.007909541033060208,0.0006135839037468387,0.00015764653954309277,0.004816125151770002,0.0030362040453873777,0.00033971780427365734,0.002071641683424664,0.005264677811428583,0.011824625858802326,0.011037657637457229,0.0006683521591091679,0.0029832266742095916,0.0006476179069756964,0.003068902524053376,0.00169387672829814,4.8469554398323025e-05,0.005200684129278701,0.0006503986605906472,0.0028720475446709776,0.0006585683938106588,0.007630623596570084,0.00011651537111204786,0.0006997205399362773,0.010058118154975877,0.004107490726720481,0.005872238750974224,0.002053375743135525,0.010077175528136782,0.016489982308378295,0.001931407316569809,0.004793768385128513,0.0037723770669574725,0.0015509316935825323,0.00024111204890086288,0.0036714667957140038,0.014350844680650216,0.0018725579912970062,0.0029105879832310695,3.073580414843623e-05,0.0006126086350019184,0.002389472460048351,0.008779454891509351,0.004207337539845726,0.0003432339195784269,0.00014514413538722697,0.0392157407828113,0.0015995792335956921,6.924746929105308e-05,0.00017056484440752337,0.002079790394071181,0.0005672513466774976,0.0007482619566471916,0.0011224321348212302,0.008710904127865028,0.005038856717783804,0.027883405591659104,0.01102889563692112,0.0003959284367301226,0.0002056656132374957,0.0008512152550866895,0.0010562901215356362,0.009132124030567672,0.0005080346250268483,0.009421729671848105,0.12065008443110754,0.0020368290103571665,0.0005890537529805648,5.821743044925106e-06,0.009655665817956075,0.00857585679921789,0.006542781585433099,0.0007993365403375862,0.0033407691347887144,0.003982385190538117,0.00048466853621229055,0.13644989033826516,0.0016950046112225979,0.21992207312679074,0.003379583746749958,0.0016274007087584803,0.00021783386750318882,0.00016289108147782668,0.0007402285836248554,0.006190925003290654,0.005120997173548912,0.0025155575205802394,0.004007349260282848,0.12078927950453622,0.0008322140707071562,0.009700491399145111,0.21991249199398044,0.13642961832699463,0.017118027151950294,0.0033794330661821494,0.019071294170295364,0.002327902310825413,0.0012717068925276452,0.00031891282150478995,0.0063885728753478605,0.0068221577777231104,0.0003949384757869045,0.0005977797624208186,0.032662723354348625,0.002939999672292001,0.00017794362581085134,0.003996697622103385,0.004052152123841529,5.758997558997527e-05,1.5178830414797062e-18,0.0,0.0,0.0,2.710505431213761e-20,2.710505431213761e-20,1.0842021724855044e-19,5.421010862427522e-20,0.0,0.0,0.0,1.734723475976807e-18,1.3010426069826053e-18,2.168404344971009e-18,1.0408340855860843e-17,0.0,0.0,4.336808689942018e-19,1.0842021724855044e-18,5.551115123125783e-17,0.0,0.0,0.0,0.0,0.0,4.336808689942018e-19,8.673617379884035e-19,0.0,2.710505431213761e-20,2.710505431213761e-20,6.776263578034403e-21,0.0,2.710505431213761e-20,8.131516293641283e-20,2.168404344971009e-19,2.168404344971009e-19,1.3877787807814457e-17,0.0,1.734723475976807e-18,8.673617379884035e-19,1.0842021724855044e-19,2.0328790734103208e-20,0.0,1.3010426069826053e-18,1.3552527156068805e-20,4.336808689942018e-19,4.336808689942018e-19,5.421010862427522e-20,1.0842021724855044e-18,2.710505431213761e-20,2.168404344971009e-19,2.6020852139652106e-18,6.505213034913027e-19,6.776263578034403e-21,1.0842021724855044e-19,2.710505431213761e-20,0.0,2.710505431213761e-20,5.421010862427522e-20,1.0842021724855044e-19,0.0,5.551115123125783e-17,3.2526065174565133e-19,9.486769009248164e-20,0.0,0.0,0.0,3.7947076036992655e-19,1.0842021724855044e-19,0.0,0.0,5.421010862427522e-20,2.7755575615628914e-17,2.710505431213761e-20,0.0,2.6020852139652106e-18,4.336808689942018e-19,2.168404344971009e-19,0.0,5.204170427930421e-18,2.6020852139652106e-18,2.3852447794681098e-18,1.6263032587282567e-18,2.168404344971009e-19,0.0,0.0,1.734723475976807e-18,2.168404344971009e-19,4.336808689942018e-19,2.168404344971009e-19,1.734723475976807e-18,1.734723475976807e-18,0.0,0.0,0.0,6.505213034913027e-19,6.505213034913027e-19,4.336808689942018e-19,0.0,0.0,8.673617379884035e-19,8.673617379884035e-19,2.168404344971009e-19,0.0,1.6263032587282567e-19,1.3010426069826053e-18,0.0,1.0842021724855044e-18,0.0,0.0,4.336808689942018e-19,0.0,4.336808689942018e-19,0.0,0.0,1.734723475976807e-18,4.336808689942018e-19,1.734723475976807e-18,0.0,4.336808689942018e-19,1.734723475976807e-18,4.336808689942018e-19,0.0,0.0,0.0,8.673617379884035e-19,1.0842021724855044e-18,0.0,0.0,4.336808689942018e-19,4.336808689942018e-19,1.0842021724855044e-18,6.505213034913027e-19,1.0842021724855044e-19,0.0,4.336808689942018e-19,4.336808689942018e-19,2.168404344971009e-19,1.734723475976807e-18,1.734723475976807e-18,1.3010426069826053e-18,1.5178830414797062e-18,1.0842021724855044e-19,0.0,2.168404344971009e-19,8.673617379884035e-19,4.336808689942018e-19,0.0,0.0,0.0,0.0,4.336808689942018e-19,4.336808689942018e-19,0.0,0.0,1.734723475976807e-18,2.168404344971009e-19,1.0842021724855044e-19,0.0,0.0,1.734723475976807e-18,1.0842021724855044e-19,0.0,0.0,4.336808689942018e-19,0.0,0.0,0.0,2.168404344971009e-19,2.168404344971009e-19,1.734723475976807e-18,0.0,0.0,0.0,0.0,2.6020852139652106e-18,0.0,0.0,2.6020852139652106e-18,4.336808689942018e-19,0.0,2.168404344971009e-19,5.421010862427522e-20,4.336808689942018e-19,4.336808689942018e-19,2.7755575615628914e-17,0.0,8.673617379884035e-19,0.0,1.734723475976807e-18,0.0
7,1.52213925269666e-05,0.003660251438231155,0.007407192850396541,0.0012217227783558884,0.05435593076229352,0.05422407727591691,0.03697139994033111,0.000612923443249579,0.003615040128205537,0.0035225018590861893,0.019282379682839253,0.040007614960578655,0.0005803376347437339,0.005615493442979892,0.004068768534368715,0.036632660214651086,0.009005608327005789,0.018137308128674756,0.008292210074073832,0.004081712850030751,0.0076079363208268296,0.0034175865056571882,0.0037437442978009525,0.011247081138539214,0.014886546040638219,0.0010945743227177452,0.002827303649394528,0.0003427817880822378,0.00043306889063867977,0.039922301573903446,0.0008369827277307288,0.003981496598643372,0.000194893889889966,0.001082567787202481,0.00041100902250153985,0.026547050777240677,0.0041691512727216554,9.175953086044934e-05,0.0002749343770180102,0.03662707841251315,0.0003394563851181519,0.008115538499651416,7.298455196529986e-05,0.0052710646510206165,0.012128297175839214,0.003472130437970961,0.0075414035949472515,0.006465960148152454,0.007476381390781932,0.006194814534174191,0.010897639774644051,0.00012627588903178864,0.00552496955332667,0.009697660461108301,0.00045349015955003385,0.0108724302865729,0.0036144382306901807,0.0010963719757829905,0.0011241473465490193,0.006431892616471271,0.02686806559758806,0.009064962918214292,0.0005194654275393342,0.017795326900586647,0.0038075668815193957,0.0034382839661507326,0.028298533228740458,0.007008415547581775,0.00012800315793661888,0.00698740415500786,0.014908677218923977,0.03710701604504658,0.019616951295188274,0.0004631008298028956,0.00412428910223266,0.0017438131542404929,0.0076182991391659455,0.0010901425484503096,0.012146701091425013,0.0008989062914790814,0.006353243616574463,0.0044592403024360855,0.008133434688186114,0.002851575793018311,0.004454649366732645,0.04045985689076689,0.004046083521659625,0.001521559513322772,1.7299113441472794e-06,0.009854656585553116,4.7048685990155794e-05,0.00041858959004039325,0.004325448760729775,9.400500482015126e-05,0.0009232454400527614,0.0001341551939183942,0.0017236484858115303,0.0006930772245543763,0.0014663926174648205,0.00052059143159474,0.00035513862793438,0.0009736902355106382,0.0015377494875745664,0.009581533083500862,0.008838311483273176,0.18855702784432155,0.004761394608780074,0.0021692502405473105,0.010060898965951602,0.019812053038048255,0.010619757162299313,0.008249080903745562,0.0001959868899066166,0.003301302354428726,0.0020659493783280027,0.00026972959021479524,0.00021031688940624765,0.001598639596520172,0.003743777744892168,0.005735171249931932,0.00024552386991333244,0.0006544411863566701,0.0049780205035193596,0.003150561969470421,0.0092518565092284,0.0018889180298656038,0.0004003062221761961,0.003666154151635967,0.007129846711929136,0.0007795455850841265,0.0003336710038786811,0.0006272290420241437,0.0007001242590437168,0.00021279290897450233,0.00041644371821890884,0.0011340416262998142,0.011621163636611614,0.001774331958750949,0.0037456885897149345,0.007088493848287898,2.420238726878358e-05,0.00027454312439888136,0.0006432519181301754,9.58194842818701e-05,0.0003986996000854918,0.0006137616822007761,0.0020986706303915744,0.2635476538854862,0.003817341242468423,0.000206268150852023,0.18949904897475023,0.00336763176071975,0.00208075960474973,0.05040780659950418,0.0006378297694153395,0.0008750193436173401,0.00043705493497658637,0.0005649970405933782,0.47572882064154653,0.008459153173479944,0.0003142432663238333,0.006521741911660146,0.000507719752500514,0.0002790565142241181,0.04046078925124903,0.021907520427682743,0.0047135325675821994,0.003788618794959085,0.0006149101062395165,0.000587369882795645,0.263537529171033,0.0007916055262940215,0.02250371500710282,0.00032909026476127083,0.47630393921297,0.02863168424667263,0.00041934259510694946,0.012001451251729175,9.812407281987258e-05,0.0056865790650233155,0.0004194907797406118,0.049982114536533714,0.0017254572059906808,0.0003016280240466161,0.0005428178125050162,0.014688898870979713,0.00033848469899635673,0.00045136374049710014,0.0043519378630290945,0.006609303486538501,0.031799329617566346,6.505213034913027e-19,2.168404344971009e-19,0.0,0.0,1.0842021724855044e-19,3.2526065174565133e-19,1.0842021724855044e-19,2.710505431213761e-20,8.673617379884035e-19,8.673617379884035e-19,5.421010862427522e-19,2.168404344971009e-19,2.3852447794681098e-18,1.1926223897340549e-18,3.469446951953614e-18,0.0,8.673617379884035e-19,1.734723475976807e-18,0.0,0.0,0.0,0.0,0.0,0.0,0.0,0.0,2.168404344971009e-19,4.336808689942018e-19,0.0,0.0,2.371692252312041e-20,0.0,8.131516293641283e-20,0.0,2.168404344971009e-19,0.0,6.938893903907228e-18,5.421010862427522e-20,0.0,0.0,1.6263032587282567e-19,4.0657581468206416e-20,5.421010862427522e-20,1.734723475976807e-18,1.0842021724855044e-19,0.0,4.336808689942018e-19,5.421010862427522e-20,8.673617379884035e-19,0.0,5.421010862427522e-20,3.469446951953614e-18,0.0,1.3552527156068805e-20,0.0,1.0842021724855044e-19,1.0842021724855044e-19,1.0842021724855044e-19,1.0842021724855044e-19,0.0,0.0,2.7755575615628914e-17,4.336808689942018e-19,2.710505431213761e-20,1.0842021724855044e-19,8.673617379884035e-19,0.0,1.0842021724855044e-19,5.421010862427522e-20,5.421010862427522e-20,0.0,2.168404344971009e-19,2.7755575615628914e-17,5.421010862427522e-19,2.168404344971009e-19,2.6020852139652106e-18,0.0,0.0,0.0,2.6020852139652106e-18,1.734723475976807e-18,4.336808689942018e-19,8.673617379884035e-19,8.673617379884035e-19,0.0,0.0,5.204170427930421e-18,0.0,8.673617379884035e-19,0.0,3.469446951953614e-18,5.204170427930421e-18,0.0,1.734723475976807e-18,2.168404344971009e-19,2.6020852139652106e-18,2.6020852139652106e-18,1.734723475976807e-18,7.589415207398531e-19,8.673617379884035e-19,0.0,0.0,0.0,8.673617379884035e-19,8.673617379884035e-19,4.336808689942018e-19,8.673617379884035e-19,2.6020852139652106e-18,1.734723475976807e-18,0.0,0.0,0.0,4.336808689942018e-19,4.336808689942018e-19,4.336808689942018e-19,8.673617379884035e-19,1.734723475976807e-18,0.0,0.0,0.0,0.0,4.336808689942018e-19,2.710505431213761e-19,0.0,0.0,3.469446951953614e-18,1.734723475976807e-18,0.0,0.0,0.0,0.0,4.336808689942018e-19,8.673617379884035e-19,0.0,0.0,0.0,8.673617379884035e-19,8.673617379884035e-19,0.0,4.336808689942018e-19,4.336808689942018e-19,1.0842021724855044e-19,0.0,1.734723475976807e-18,8.673617379884035e-19,8.673617379884035e-19,0.0,0.0,2.168404344971009e-19,1.0842021724855044e-19,0.0,0.0,2.168404344971009e-19,2.7755575615628914e-17,0.0,1.3010426069826053e-18,5.421010862427522e-19,0.0,2.710505431213761e-20,5.421010862427522e-20,1.734723475976807e-18,0.0,0.0,0.0,1.734723475976807e-18,0.0,0.0,5.421010862427522e-20,5.421010862427522e-20,2.168404344971009e-19,8.673617379884035e-19,2.168404344971009e-19,0.0,2.7755575615628914e-17,1.734723475976807e-18,2.6020852139652106e-18,1.3010426069826053e-18,0.0,0.0,4.336808689942018e-19,0.0,4.336808689942018e-19,3.2526065174565133e-19,4.336808689942018e-19,0.0,6.938893903907228e-18,0.0,0.0,1.734723475976807e-18,1.734723475976807e-18,4.336808689942018e-19
8,0.007992857772459453,0.011251400375994161,0.04522201193949342,0.02513979208600855,0.08926327732997108,0.054690107653365336,0.07568531789406335,0.029784126850285336,0.048622447744285036,0.019981328378399103,0.02963538918680234,0.011229693441924564,0.02503507721158337,0.048302248568271984,0.01748029191423054,0.012473434385997888,0.032924867104478506,0.00912939439435552,0.026877428666872,0.035553728901216566,0.042137744225372906,0.02341016783567814,0.05069775623643283,0.01327940474768672,0.015687635004079995,0.034410209175454703,0.008883854463634763,0.025650842500974214,0.030227661874447913,0.01008639887158356,0.016395992810660055,0.03321660786391141,0.024719945255017806,0.034400964660657785,0.02053206573459028,0.07864160574780438,0.033017400957623524,0.0026642676217545464,0.017604774321585817,0.012526267937251197,0.025635262722862855,0.011516267473245249,0.04087158988281822,0.011933674691768223,0.037691335188339704,0.01975427496984688,0.015460812175548008,0.040428356293745214,0.012637892837992694,0.03311897371192684,0.03349168208489817,0.0027150958069318276,0.009478683928759595,0.03491792646605954,0.007799264705357682,0.03340234753112889,0.04866792507131778,0.008639302942003445,0.03502391008817872,0.03905231040080369,0.07584500226509587,0.02252747720998231,0.038605378565684224,0.00964605952422753,0.05219757328351012,0.023293335239666674,0.20506685392032142,0.04409613204296101,0.02377242608389339,0.044098220926719396,0.015704951434479836,0.07598598781642632,0.029142324379375806,0.007871119022106104,0.03300595220306387,0.03794211508411949,0.0420087619568836,0.008619928611034163,0.03774663413901659,0.03457746370002202,0.03271899603237433,0.019424530560508073,0.011479072946923501,0.008801178121851296,0.01940528894505171,0.06942707397717635,0.017323598270389713,0.00047979073916670626,0.0002628641425429048,0.01786362863957859,0.017710114366179225,0.0015159913655567493,0.03734903784467497,0.001124031514104067,0.0006587960653252516,3.32609980225938e-05,0.0035777898925211994,0.00460213905557218,0.006443933615580004,0.00645414904559568,0.00393114659586671,0.007972921825674002,0.0028934898050098014,0.01577600536283983,0.010256514011361585,0.37295254157337787,0.0005005594519221818,0.0015064162205862197,0.004897406910683329,0.016290518094939897,0.040540090396351744,0.011108655993209923,0.004228524770573295,0.0045628715380781806,0.011997536962198317,0.017805451771293265,0.0005836887949686037,0.004735528926757684,0.008300626112017203,0.001706985623362711,0.0014017824571391202,0.0023144973219001415,0.002187101950681645,0.0005193098703134459,0.017819293742841306,0.0007633797866974373,0.0010680881907183138,0.006203847406500078,0.08257255844894601,0.0030410999776484646,0.008558301687590909,0.0008066971304972517,0.000466114830313475,0.0003592331736145558,0.0024521325578207766,0.001153928121724585,0.022091718959140208,0.03779099142593917,0.051563313127195504,0.016222831352456363,0.0011278799300519665,0.00885521569744812,0.0023031962664018355,0.003387936691627118,0.0171399789768066,0.007087495288645219,0.007918327073066443,0.16463039424848017,0.004203021798131264,0.0003405931605841535,0.37548200741123283,0.014807779473264754,0.0005525021152435312,0.0651820324269739,0.004541599896485289,0.00340612944740661,0.0017491824837293172,0.005302661883811344,0.0006874499673269752,0.008519756580556398,0.0033026586900667078,0.0013793938243637748,0.0023337353362514234,0.01743399875135422,0.06942075737038622,0.012273457968091428,0.01110205147364611,0.0071860799963488105,0.004629430294334085,0.0071827736166271625,0.16590103660613065,0.00035571187692949114,0.03775596807547983,0.0034257820051680384,8.740569095669164e-05,0.03556399941793301,0.0009202880279561801,0.02258391156430182,0.006023917888820748,0.003989896260826112,0.0008401518356063226,0.06275590277837986,0.030691473793788098,0.011192551727808435,0.0006745670009512148,0.04034897999207303,0.002754437975063899,0.021890231283634744,0.0069076157952887695,0.01765495727959456,0.030558525478365524,5.204170427930421e-18,1.734723475976807e-18,1.734723475976807e-18,2.168404344971009e-19,0.0,2.168404344971009e-19,0.0,4.336808689942018e-19,3.469446951953614e-18,0.0,0.0,3.469446951953614e-18,1.3877787807814457e-17,6.505213034913027e-19,6.938893903907228e-18,2.7755575615628914e-17,0.0,0.0,0.0,6.938893903907228e-18,1.734723475976807e-18,4.336808689942018e-19,1.734723475976807e-18,0.0,3.469446951953614e-18,3.2526065174565133e-19,4.336808689942018e-19,0.0,1.0842021724855044e-19,2.168404344971009e-19,5.421010862427522e-20,4.336808689942018e-19,0.0,4.336808689942018e-19,8.673617379884035e-19,8.673617379884035e-19,1.3877787807814457e-17,4.336808689942018e-19,0.0,4.336808689942018e-19,1.0842021724855044e-19,1.0842021724855044e-19,4.336808689942018e-19,6.938893903907228e-18,4.336808689942018e-19,1.734723475976807e-18,0.0,0.0,8.673617379884035e-19,8.673617379884035e-19,3.2526065174565133e-19,2.6020852139652106e-18,0.0,1.0842021724855044e-19,2.168404344971009e-19,0.0,4.336808689942018e-19,5.421010862427522e-20,4.336808689942018e-19,1.3010426069826053e-18,8.673617379884035e-19,0.0,0.0,0.0,1.734723475976807e-18,1.734723475976807e-18,1.0842021724855044e-19,2.168404344971009e-18,2.710505431213761e-20,3.2526065174565133e-19,0.0,0.0,0.0,1.0842021724855044e-19,0.0,0.0,1.734723475976807e-18,0.0,3.469446951953614e-18,6.938893903907228e-18,0.0,0.0,0.0,0.0,0.0,1.734723475976807e-18,1.0408340855860843e-17,0.0,0.0,5.204170427930421e-18,1.3877787807814457e-17,1.3877787807814457e-17,0.0,0.0,2.168404344971009e-19,0.0,3.469446951953614e-18,0.0,0.0,0.0,0.0,0.0,0.0,3.469446951953614e-18,1.734723475976807e-18,1.734723475976807e-18,3.469446951953614e-18,8.673617379884035e-19,1.734723475976807e-18,0.0,1.734723475976807e-18,3.469446951953614e-18,0.0,4.336808689942018e-19,1.3010426069826053e-18,3.469446951953614e-18,1.214306433183765e-17,1.734723475976807e-17,8.673617379884035e-19,0.0,6.938893903907228e-18,4.336808689942018e-19,2.168404344971009e-19,0.0,1.734723475976807e-18,8.673617379884035e-19,3.469446951953614e-18,8.673617379884035e-19,8.673617379884035e-19,4.336808689942018e-19,6.938893903907228e-18,1.734723475976807e-18,8.673617379884035e-19,0.0,3.469446951953614e-18,0.0,3.469446951953614e-18,3.469446951953614e-18,0.0,3.469446951953614e-18,1.734723475976807e-18,8.673617379884035e-19,8.673617379884035e-19,0.0,0.0,0.0,5.204170427930421e-18,0.0,8.673617379884035e-19,1.0842021724855044e-19,2.168404344971009e-19,3.469446951953614e-18,1.734723475976807e-18,6.938893903907228e-18,0.0,1.3877787807814457e-17,1.734723475976807e-18,0.0,8.673617379884035e-19,2.168404344971009e-19,0.0,1.734723475976807e-18,1.734723475976807e-18,1.734723475976807e-18,3.469446951953614e-18,2.6020852139652106e-18,0.0,2.168404344971009e-19,2.168404344971009e-19,8.673617379884035e-19,1.0408340855860843e-17,0.0,0.0,0.0,0.0,0.0,6.938893903907228e-18,1.3877787807814457e-17,0.0,4.336808689942018e-19,4.336808689942018e-19,0.0,8.673617379884035e-19,8.673617379884035e-19,4.336808689942018e-19,0.0,0.0,0.0,3.469446951953614e-18,0.0,4.336808689942018e-19
9,0.007692934674533305,0.000753506867357312,0.019475727121577115,0.018865312994166293,0.005601472385464337,0.022036954478263898,0.009319207155787969,0.02215627169699176,0.04815335380023907,0.009740911309015082,0.02020514349908925,0.027889945064526453,0.02342021010706983,0.016071549304514786,0.002721447731724627,0.02975748418000198,0.03551679826514708,0.02820187424045282,0.0057112014075522115,0.016694305451109247,0.02220429731441088,0.0338729069212841,0.05179093566390133,0.023068363642713932,0.00604247382453236,0.03706374008921017,0.006298379202785553,0.0021135353195455113,0.022071402343969527,0.02781755899536023,0.022548444327600344,0.016474041042054396,0.027707024779636574,0.03714866285486182,0.023169821442863114,0.005971848100675135,0.02046264170491275,0.004729350506655824,0.017532321752123693,0.02968845151811586,0.0021385793771100453,0.0014722470868939542,0.03805879004987514,0.0009046886503051686,0.033725814638081955,0.009908455668920933,0.008973724330462394,0.021436364627335024,0.008267866909004341,0.02339323505676532,0.011261866991772795,0.004617607602411401,0.001937131126043472,0.03585572748337118,0.010395252672055818,0.011210377478221482,0.04821407165611091,0.011268554329268697,0.005888976568862227,0.021217536635255767,0.0066468552856678315,0.004420807182002635,0.03765102110794283,0.028227028724378964,0.03567261707031491,0.03384587919478338,0.1254627927885526,0.039763716052577044,0.026918765560020867,0.03985679845879723,0.006259432534960586,0.009250369263719953,0.020238917356763,0.010515485501747659,0.020538040550501138,0.034122039697425964,0.022120110271889322,0.011177741194154527,0.03376955063088304,0.00588423867912659,0.02316331809133748,0.01834193857676975,0.0014959598497244686,0.00631381908556677,0.018324046682424405,0.00448124554661764,0.0027651566314318113,0.004576623275572313,0.000528911007318544,0.0019139078613984678,0.006024348033399195,0.03127738749818291,0.020838123103798442,0.0007913014670347623,0.004550623063125378,4.7762736975524086e-05,0.0026394342232911074,0.0032113963751366076,0.0007865014114428015,0.006969927446581241,0.0033523685909831926,0.0006591820275047605,0.0014024345188386662,0.008183927802901043,0.007394959162091549,0.00026836958850809996,0.0010171782491160853,0.0018698407221120123,0.0002838456985659226,0.005672917647519671,0.021461609966284767,0.026892757305955323,0.0009030244464238922,0.002727564757098109,0.009220919929211539,0.010950048152061178,2.4179186511664362e-06,0.0071991790524167055,0.01201950213583227,0.002541307560789641,0.0014665528110014492,0.0019482601265003142,0.0016778166087265053,0.0023225539499023796,0.010398102494218901,0.0027477102477212606,0.0005835204282618447,0.0006048908129876641,0.0567598292381255,0.002576710287430053,0.008463537766129018,0.0009428309405226014,0.0021354725465353905,0.0005873675286516785,0.0013006339955429127,0.00027232382751717576,0.02019214397815517,0.034145187888916594,0.03548091975962967,0.0038992793304994952,2.955943596246824e-05,0.0058762986674646914,0.002362528610113568,0.00230410269332959,0.007608874764133803,0.007780074047837483,0.02336138793362527,0.23433847755557036,0.00034706905503432425,0.0009394099083235432,0.00018558278316828294,0.007824378093945938,0.0007599175882081414,0.023371663535220417,0.0027988317190485766,0.0038388506155614278,0.0008217135206426293,0.0006432514742138864,0.00838154861089466,0.002326841716163112,0.039323827627248176,0.0004942213194940449,0.0007767853688536868,0.017537327036702764,0.004488310591549673,0.011282436932158444,0.018993743731819432,0.007087997821340161,0.0012883074358873978,0.001354649981879948,0.23453372511782308,0.0014406288984173757,0.01685189741147782,0.039331055985062965,0.00821986230763386,0.007411797152206188,0.00048219357370043005,0.015460711292486948,0.001542697803687289,0.0015490245096090715,0.0008244693273709033,0.025111515168351597,0.023787165096533367,0.00582444052399014,0.0005592709521328457,0.03794967695316555,0.0012132027069504414,0.007004400483381676,0.005294778497246412,0.012545420544358369,0.0042973892117406706,2.168404344971009e-19,0.0,8.673617379884035e-19,2.710505431213761e-20,0.0,0.0,0.0,0.0,0.0,0.0,6.938893903907228e-18,1.734723475976807e-18,4.336808689942018e-19,4.336808689942018e-19,1.3877787807814457e-17,1.3877787807814457e-17,4.336808689942018e-19,0.0,6.505213034913027e-19,6.938893903907228e-18,8.673617379884035e-19,0.0,0.0,0.0,4.336808689942018e-19,4.336808689942018e-19,2.168404344971009e-19,0.0,0.0,1.0842021724855044e-19,1.0842021724855044e-19,2.168404344971009e-19,1.0842021724855044e-19,0.0,4.336808689942018e-19,2.168404344971009e-19,1.3877787807814457e-17,0.0,3.469446951953614e-18,0.0,0.0,1.3552527156068805e-20,1.0842021724855044e-19,4.336808689942018e-19,4.336808689942018e-19,4.336808689942018e-19,1.734723475976807e-18,1.0842021724855044e-19,6.505213034913027e-19,2.168404344971009e-19,0.0,0.0,0.0,8.131516293641283e-20,0.0,5.421010862427522e-20,0.0,2.168404344971009e-19,0.0,5.421010862427522e-20,4.336808689942018e-19,0.0,4.336808689942018e-19,1.0842021724855044e-19,0.0,1.3010426069826053e-18,6.776263578034403e-20,1.0842021724855044e-19,0.0,3.2526065174565133e-19,6.098637220230962e-20,0.0,0.0,2.168404344971009e-19,8.673617379884035e-19,0.0,0.0,1.734723475976807e-18,0.0,0.0,0.0,1.734723475976807e-18,0.0,8.673617379884035e-19,0.0,8.673617379884035e-19,0.0,8.673617379884035e-19,1.734723475976807e-18,0.0,1.734723475976807e-18,8.673617379884035e-19,3.469446951953614e-18,0.0,4.336808689942018e-19,8.673617379884035e-19,6.505213034913027e-19,0.0,8.673617379884035e-19,1.0842021724855044e-19,4.336808689942018e-19,0.0,0.0,8.673617379884035e-19,8.673617379884035e-19,1.734723475976807e-18,5.204170427930421e-18,2.6020852139652106e-18,4.336808689942018e-19,1.734723475976807e-18,1.734723475976807e-18,1.734723475976807e-18,0.0,1.734723475976807e-18,8.673617379884035e-19,1.734723475976807e-18,1.734723475976807e-18,4.336808689942018e-19,8.673617379884035e-19,8.673617379884035e-19,8.673617379884035e-19,8.673617379884035e-19,0.0,4.336808689942018e-19,8.673617379884035e-19,8.673617379884035e-19,0.0,8.673617379884035e-19,0.0,3.469446951953614e-18,4.336808689942018e-19,8.673617379884035e-19,4.336808689942018e-18,8.673617379884035e-19,4.336808689942018e-19,4.336808689942018e-19,8.673617379884035e-19,6.505213034913027e-19,3.469446951953614e-18,1.734723475976807e-18,1.734723475976807e-18,4.336808689942018e-19,1.3552527156068805e-19,0.0,8.673617379884035e-19,0.0,2.168404344971009e-19,2.168404344971009e-19,2.168404344971009e-19,0.0,2.710505431213761e-19,0.0,0.0,6.938893903907228e-18,5.421010862427522e-20,8.673617379884035e-19,4.336808689942018e-19,8.673617379884035e-19,2.168404344971009e-19,2.168404344971009e-19,0.0,4.336808689942018e-19,0.0,0.0,8.673617379884035e-19,0.0,0.0,0.0,0.0,2.168404344971009e-19,0.0,4.336808689942018e-19,1.0842021724855044e-19,0.0,0.0,0.0,1.734723475976807e-18,6.938893903907228e-18,3.469446951953614e-18,0.0,4.336808689942018e-19,4.336808689942018e-19,0.0,1.734723475976807e-18,1.734723475976807e-18,1.3877787807814457e-17,8.673617379884035e-19,8.673617379884035e-19,8.673617379884035e-19,8.673617379884035e-19,6.505213034913027e-19
10,0.006438954467688196,0.01049477297377076,0.00906413781410206,0.01474542904828222,0.01621290354625815,0.028667254847265105,0.016957217217883215,0.014304278164197418,0.02145540460048443,0.006061414497270211,0.008278668771491755,0.026186648101270128,0.024398230021558213,0.007389617011707376,0.009591398603464378,0.026019568442585288,0.01575232928304787,0.015386608521731343,0.007611104255066175,0.021107552546314988,0.007709716959402591,0.022581754497681142,0.02464149869250199,0.01568855401709831,0.018707572429456407,0.020706629501073527,0.004101178006705921,0.011866807466409217,0.014299551416036234,0.025794051489204856,0.026719459283010998,0.020612469609183802,0.03486000982024981,0.020760040849601667,0.026636103100182253,0.014322128215805776,0.011622624609683774,0.00782572592479533,0.0010854981152711438,0.026014412325263463,0.011851904379888992,0.004909472657900926,0.015460242094296382,0.008560717702504612,0.01295776325782954,0.0058774814445827555,0.013121249077386307,0.008380763525829416,0.012964942208285285,0.0014810039440782297,0.007399554420642149,0.007831607820928014,0.008518099063971472,0.015815856841788788,0.004584717397676281,0.0073942744529574885,0.021472436978595272,0.005147102936133932,0.013333438468349394,0.008624843139981074,0.014312437749926195,0.0077422425004978765,0.015406468303081702,0.015357399602697018,0.02067528441618638,0.02256490528617924,0.009917558971561581,0.016690055763882276,0.03433094294589169,0.016765439140919908,0.018803232195379826,0.016970116932679597,0.008327904004524468,0.004647942652098456,0.011667664476820834,0.01263077969137703,0.007744253074519392,0.005051620954677706,0.012981606315337027,0.013355388282231324,0.0018046283834678132,0.021890389632805648,0.004898663843121014,0.00412192152807816,0.02189259927123764,0.011306053406068491,0.009592955987163965,0.0045018867272649706,1.6487614697632835e-05,0.001557665711979387,0.0021328722612299414,0.0018569666431445457,0.016212205076486165,0.0004140699751068378,0.004333863897940297,9.330015749217726e-06,0.001419522844441253,0.0018918044222006962,0.002618441919506964,2.124665273590162e-05,0.00047908250737534967,0.00419740622026862,0.0015056699584947938,0.004026810253565929,0.0010496471518651853,0.01638732144048576,0.0030409698343005697,0.0008352104571342398,0.0015932496779985147,0.0074366069450394565,0.01665726013164126,0.016279903136830635,0.0005880363082668448,0.002156678674325561,1.5308632213469195e-05,0.002600968879789424,0.0001578284418061369,0.0001078842370717391,0.0002329588060068625,0.001088591289962262,0.001524029176497133,0.0017624388180930099,0.0011435103546079545,0.003176735666058722,0.01047122016834013,0.0020328772483519005,0.0003012457503784231,0.007528372671345889,0.0049214032758470114,0.0005058160991233355,0.0015653895134072906,0.0003361243750892279,0.0012722060571908863,1.0429556771811016e-05,0.001371237081628111,0.0005041657311803394,0.002502395833900806,0.012691443515529935,0.020724547327514248,0.0026629994367502524,0.000501970436181489,0.0031324105291510463,0.00030460793964664015,0.0013668956664862643,0.0035432342698122716,0.002131074276066478,0.016707985445775585,0.0007965568123018477,0.0006872146795420283,0.00043396289735324074,0.016148285368017323,0.002396334460362432,0.004735990464040786,0.017964710513670053,0.004733354175154748,0.0016003092494042677,0.0030234233642078773,0.003165301456973056,0.03843204337809927,0.0006159488857339511,0.09530838392377285,0.008528775285117366,0.0010129684230759477,0.001091048445022437,0.01130838993778089,0.0017877042716245833,0.002652766336574841,0.0024313618361028466,0.00044119071527429525,0.0025134818231074556,0.0006784435359280735,0.0004846480818751396,0.0041662089182256555,0.0952394976247435,0.03872139784985523,0.01529492190678398,0.0030195684304995998,0.01809615628729304,0.006989312766177022,0.0006771833492301995,2.975091447558385e-05,0.018195748904750973,0.02688552642596782,0.005079681274080506,0.0005051027746221394,0.004976588742230037,0.00038751683039571526,0.009162965799528987,2.6883780087785933e-05,0.003358957867276975,0.031741132089940186,4.9873299934333204e-18,0.0,8.673617379884035e-19,0.0,0.0,2.168404344971009e-19,1.0842021724855044e-19,0.0,0.0,8.673617379884035e-19,8.673617379884035e-19,1.734723475976807e-18,8.673617379884035e-19,4.336808689942018e-19,1.3877787807814457e-17,2.7755575615628914e-17,1.0842021724855044e-19,1.6263032587282567e-19,4.336808689942018e-19,6.938893903907228e-18,0.0,2.168404344971009e-19,4.336808689942018e-19,0.0,0.0,1.0842021724855044e-19,0.0,0.0,1.3552527156068805e-19,6.776263578034403e-21,6.776263578034403e-21,0.0,1.3552527156068805e-20,1.0842021724855044e-19,4.336808689942018e-19,4.336808689942018e-19,2.0816681711721685e-17,2.168404344971009e-19,8.673617379884035e-19,4.336808689942018e-19,3.2526065174565133e-19,1.3552527156068805e-20,0.0,8.673617379884035e-19,2.168404344971009e-19,8.673617379884035e-19,1.3010426069826053e-18,5.421010862427522e-20,2.168404344971009e-19,2.168404344971009e-19,6.776263578034403e-20,0.0,4.336808689942018e-19,2.710505431213761e-20,4.0657581468206416e-20,1.3552527156068805e-20,2.710505431213761e-20,2.710505431213761e-20,3.2526065174565133e-19,1.0842021724855044e-19,4.336808689942018e-19,6.938893903907228e-18,4.336808689942018e-19,2.710505431213761e-20,2.168404344971009e-19,8.673617379884035e-19,2.710505431213761e-20,6.505213034913027e-19,1.0842021724855044e-19,2.710505431213761e-20,6.776263578034403e-21,2.168404344971009e-19,1.3877787807814457e-17,1.0842021724855044e-19,0.0,8.673617379884035e-19,4.336808689942018e-19,0.0,1.734723475976807e-18,8.673617379884035e-19,0.0,1.6263032587282567e-19,1.0842021724855044e-19,8.673617379884035e-19,4.336808689942018e-19,0.0,1.734723475976807e-18,6.505213034913027e-19,2.168404344971009e-19,1.734723475976807e-18,8.673617379884035e-19,1.734723475976807e-18,4.336808689942018e-19,8.673617379884035e-19,2.168404344971009e-19,3.469446951953614e-18,3.469446951953614e-18,3.469446951953614e-18,0.0,0.0,8.673617379884035e-19,1.734723475976807e-18,8.673617379884035e-19,8.673617379884035e-19,0.0,0.0,4.336808689942018e-19,2.168404344971009e-19,1.734723475976807e-18,0.0,1.734723475976807e-18,4.336808689942018e-19,4.336808689942018e-19,0.0,4.336808689942018e-19,1.734723475976807e-18,8.673617379884035e-19,1.734723475976807e-18,1.0842021724855044e-19,2.168404344971009e-19,0.0,0.0,2.168404344971009e-19,3.469446951953614e-18,3.469446951953614e-18,0.0,0.0,2.168404344971009e-19,2.168404344971009e-19,0.0,0.0,0.0,1.0842021724855044e-19,0.0,0.0,3.2526065174565133e-19,0.0,1.734723475976807e-18,3.469446951953614e-18,4.336808689942018e-19,1.0842021724855044e-19,2.168404344971009e-19,1.6263032587282567e-19,8.673617379884035e-19,1.734723475976807e-18,1.734723475976807e-18,3.469446951953614e-18,4.336808689942018e-19,2.168404344971009e-19,2.710505431213761e-20,0.0,3.469446951953614e-18,8.673617379884035e-19,1.3877787807814457e-17,4.336808689942018e-19,1.734723475976807e-18,8.673617379884035e-19,0.0,4.336808689942018e-19,4.336808689942018e-19,0.0,3.469446951953614e-18,0.0,3.469446951953614e-18,1.734723475976807e-18,0.0,0.0,0.0,4.336808689942018e-19,0.0,1.734723475976807e-18,1.0842021724855044e-19,0.0,0.0,4.336808689942018e-19,1.3010426069826053e-18,1.734723475976807e-18,8.673617379884035e-19,0.0,1.0842021724855044e-19,6.505213034913027e-19,6.505213034913027e-19,2.168404344971009e-19,2.168404344971009e-19,0.0,2.7755575615628914e-17,2.6020852139652106e-18,3.469446951953614e-18,3.469446951953614e-18,0.0,2.710505431213761e-19
11,0.019587805065460824,0.006297952841509974,0.01515087232653492,0.016364212486966723,0.00031589644955072724,0.0023652546458736317,0.00025840810125603487,0.012728070717156518,0.023255978655773363,0.0056972957528461585,0.003147909157765042,0.0023472344802959923,0.026680794701903224,0.015977086018335,0.008926427498282437,0.0018258919278703795,0.017445179460337086,3.4195944030241125e-05,0.016874779978318283,0.0024217448589390167,0.006814221641180897,0.017176444619266852,0.02423418151465394,0.01403674159383781,0.032518694267019185,0.016443382773757644,0.015754054732171483,0.017065332953539094,0.012740120500282835,0.0020644512106895406,0.02679075597711465,0.0024417062662803724,0.028523151897735334,0.01656286070864461,0.026791863303200082,4.722166246350007e-05,0.01842230482276998,0.0020162987438007924,0.020832552067534288,0.0018290457513735862,0.01709871633343274,0.0019326608415348129,0.025833775922157808,0.0007919455445510987,0.023021405756159644,0.0056531048111363065,0.024073717675049705,0.01718057019270846,0.02404355928068537,0.004295355743993232,0.0007231022619854741,0.002104584021822604,0.0007633019349027598,0.017447055440839927,0.016968003652245107,0.0005389641164777969,0.02282432602176481,0.011148776399528642,0.018064257122551615,0.017069783696065398,5.929378314709862e-05,0.016874174024690658,0.025833287609334163,3.178277493300801e-05,0.031163718058333394,0.017095591783045528,0.002665250966057393,0.0267747709329911,0.028628625886318454,0.02707553043622068,0.03231438878232158,0.00021057951716096674,0.00313970813053026,0.01698542104699758,0.018281519129812643,0.027216931698752278,0.006868888316032855,0.011228622852095138,0.022974952236928393,0.018165395084797427,0.004342099181407665,0.025216234509894117,0.0019490485791216923,0.01577660819233653,0.025181050969993533,0.0003361123815380762,0.008924984796564808,0.0057412410180306215,1.6928590902160574e-05,3.6309579691788936e-05,1.4729214378323552e-07,3.859083608013082e-05,0.0006840450099655396,0.0007601781072090449,0.005643398200499054,0.00041592094415208373,0.002038706625077388,0.001987086685051548,0.0052084565357690855,0.00014455866460805973,0.001310114211462975,0.0004394833960823369,0.004273029319916914,0.021469281422881105,0.00013812421393323286,0.17325664282449865,0.005653315500207883,0.009040721164880555,0.0008777513038027549,0.00020446807768604138,0.0006090075346770051,4.304887597996543e-06,0.0006198817592614032,0.002583943701580962,9.358423490313083e-05,0.019968848877912393,3.5669717492354524e-05,0.0005291747017542288,0.0032133272848086977,0.0005527635442905178,0.008286474583903181,0.00906642361237454,0.0006537213855066315,0.001146219891832443,0.00766899248696659,0.0023115524685775593,0.0009615232111425254,0.0025214630898466525,0.0014960996960238675,0.00010205410321772497,0.006024948232244837,0.005847904425597044,0.007136740315190876,0.000246891371211695,0.004576377311377413,0.0004062883836944164,0.00038533833732749964,0.02726587167923975,0.03113984716017662,0.0010949317001113308,0.001004670770631343,0.009439380456737525,0.001390567585262909,0.0011083056482308834,0.0007025681936707918,0.007473611391961706,6.77595049571063e-05,0.03459952331333089,0.002663113402786802,0.0009700503898933835,0.17327920136369412,0.0011104022302928158,0.00532972114594172,0.009805986998021182,0.005373270934801686,0.00170344539107609,0.0017265320143226228,0.001692468280707535,0.07292712122618325,0.0008113979209601428,5.8833873878438685e-05,0.004693318929872584,0.0035581749778895127,0.0208311410279673,0.0003177336458416927,0.0010786735713120537,0.0028710725622143785,0.0027208997319974042,0.003262798858032376,0.005015598740482534,0.034238709465488834,4.2581044540025725e-05,0.010695607163098274,0.00028772531728394127,0.07322648701765205,0.02268743895118268,0.0012160625224167242,0.019688544191628382,0.005387830420975086,0.0037711569125849086,0.0008199328921845476,0.010338177506565398,0.008222573638278064,0.008602031555847512,0.0007410263361244355,0.003958890600830347,0.0003974706254709345,0.005697617686547859,0.01947919632783874,0.00010394161235362385,0.017394748104567717,5.068645156369733e-18,1.734723475976807e-18,4.336808689942018e-19,0.0,1.0842021724855044e-19,1.734723475976807e-18,4.336808689942018e-19,2.710505431213761e-20,3.469446951953614e-18,1.734723475976807e-18,0.0,1.734723475976807e-18,5.421010862427522e-20,1.3552527156068805e-20,3.469446951953614e-18,1.3877787807814457e-17,2.710505431213761e-20,4.336808689942018e-19,2.710505431213761e-20,3.469446951953614e-18,4.336808689942018e-19,1.734723475976807e-18,8.131516293641283e-20,4.336808689942018e-19,0.0,0.0,2.710505431213761e-20,2.168404344971009e-19,1.0842021724855044e-19,0.0,1.3552527156068805e-20,0.0,2.710505431213761e-20,2.168404344971009e-19,4.336808689942018e-19,0.0,3.469446951953614e-18,0.0,2.168404344971009e-19,5.421010862427522e-20,2.710505431213761e-19,6.776263578034403e-21,4.336808689942018e-19,2.710505431213761e-20,2.168404344971009e-19,0.0,0.0,0.0,1.3552527156068805e-20,0.0,1.0842021724855044e-19,0.0,2.710505431213761e-20,1.3552527156068805e-19,0.0,0.0,8.673617379884035e-19,2.168404344971009e-19,2.168404344971009e-19,0.0,0.0,1.3877787807814457e-17,0.0,5.421010862427522e-20,0.0,0.0,8.131516293641283e-20,0.0,3.7947076036992655e-19,2.710505431213761e-20,2.0328790734103208e-20,8.673617379884035e-19,6.938893903907228e-18,0.0,4.336808689942018e-19,4.336808689942018e-19,4.336808689942018e-19,0.0,0.0,4.336808689942018e-19,4.336808689942018e-19,0.0,0.0,1.734723475976807e-18,8.673617379884035e-19,1.734723475976807e-18,3.469446951953614e-18,0.0,0.0,0.0,8.673617379884035e-19,0.0,2.168404344971009e-19,4.336808689942018e-19,8.673617379884035e-19,5.204170427930421e-18,3.469446951953614e-18,3.469446951953614e-18,0.0,8.673617379884035e-19,1.3010426069826053e-18,1.0842021724855044e-19,8.673617379884035e-19,1.734723475976807e-18,0.0,0.0,6.505213034913027e-19,2.168404344971009e-19,4.336808689942018e-19,1.0842021724855044e-19,8.673617379884035e-19,0.0,8.673617379884035e-19,0.0,0.0,1.734723475976807e-18,0.0,0.0,4.336808689942018e-19,0.0,0.0,1.734723475976807e-18,8.673617379884035e-19,1.734723475976807e-18,1.734723475976807e-18,1.734723475976807e-18,3.469446951953614e-18,8.673617379884035e-19,6.505213034913027e-19,4.336808689942018e-19,1.734723475976807e-18,4.336808689942018e-19,4.336808689942018e-19,0.0,0.0,0.0,1.0842021724855044e-19,8.131516293641283e-20,4.336808689942018e-19,0.0,0.0,2.710505431213761e-20,1.3552527156068805e-20,8.673617379884035e-19,8.673617379884035e-19,8.673617379884035e-19,8.673617379884035e-19,8.673617379884035e-19,0.0,4.336808689942018e-19,0.0,0.0,8.673617379884035e-19,3.469446951953614e-18,0.0,0.0,4.336808689942018e-19,0.0,0.0,0.0,8.131516293641283e-20,0.0,0.0,0.0,0.0,0.0,1.3877787807814457e-17,0.0,1.0842021724855044e-19,0.0,0.0,0.0,4.336808689942018e-19,0.0,4.336808689942018e-19,4.336808689942018e-19,2.168404344971009e-19,2.168404344971009e-19,5.421010862427522e-20,1.0842021724855044e-19,0.0,0.0,4.336808689942018e-19,0.0,0.0,6.938893903907228e-18,3.469446951953614e-18,3.469446951953614e-18,0.0,0.0,1.0842021724855044e-19
12,0.002124463887520658,0.003514448412565333,0.00399462550564731,0.009988164793696366,0.0021615360525433437,7.297477879391896e-06,0.0021480037089396413,0.00871559546453258,0.010328720375270436,0.001801594657604671,0.0055410466988117385,8.909395837088113e-05,0.014593124199397504,0.011684799116092343,0.004387030713082029,6.472682577278818e-05,0.011007170215914058,0.0013749858093445645,0.008511047757760494,6.642889044013346e-05,0.0015075449475330982,0.011898165644234307,0.01077694027938401,0.005582100726140338,0.01498652074898781,0.011516401634503473,0.00154120950984652,0.008468690912122608,0.008716814818091318,0.00011808001218384563,0.012897909724038436,6.056215859564644e-05,0.0041192532332684295,0.01184566834370292,0.012897830001779544,0.0020913419116719437,0.011072487667366689,0.005640852199833844,0.0016300745740711903,7.26111586073867e-05,0.008464026808610633,0.005242219708592184,0.011880482097523995,0.0018857933163266808,0.011125875469937721,0.001867902971643295,0.015328251237562186,0.00873770136277634,0.01532899138452248,0.004398824935573585,0.00374019501985465,0.005715154061753823,0.0018854340958673332,0.011006762243829401,0.0008596204434435145,0.0037128101050330365,0.010181879276526537,0.005560363866269314,0.01178398726555743,0.008723031232201736,0.0020816454404453547,0.008511256672041065,0.0118802444927955,0.0013749624012396957,0.010607613289666706,0.011893262869413843,0.00930183032855992,0.012121230081925671,0.004487303265267776,0.012315145955581827,0.015062395768119522,0.0021488968065585673,0.005541977193416132,0.0008081350468305169,0.011098925620384491,0.012549222963167614,0.0014825333543867921,0.00556053921232789,0.011103186216333504,0.011766663328470149,0.004393286038511064,0.013079548114725798,0.005207381602216265,0.0015334113117119116,0.013070857723999785,0.0021710032345558274,0.004386903739751924,0.0002894177299989704,0.0001484671910938671,1.521485387023187e-05,8.129796170004004e-06,0.00016670962299912995,0.00024776707512886957,0.0003567251226399891,0.000225850576462785,0.0003665088303089221,0.0003593232753824691,0.0004395672684022175,5.013317511668564e-05,0.00045313793319609385,0.0014840647003580999,0.0009744119561909401,0.0009040202579044646,0.0007551797758223486,9.248029804196175e-05,0.0002900628522157153,0.003036278012261733,0.0009738257449219082,0.00024136280702143905,8.66297047901827e-05,0.00026571116119727386,0.000563346974620034,0.0022948124619808262,0.0005036779804604428,7.161467902718345e-05,0.0008746553329735221,2.5916615205533544e-05,0.0007260100689986777,0.0031436509571365154,0.001342596027163858,0.0010856988833770308,0.0033098925937450436,0.0004125733601078814,0.00033662513183407486,0.000988884743743063,0.0002544081296635963,0.0006603663891958042,0.0027033847079580182,3.2601755870458016e-05,0.0017646778256344845,0.007747550443031496,0.0028520242803310464,1.6873805021164895e-05,0.00029199006860168824,0.0006258604727565451,0.0009847610837420634,3.71950447482475e-05,0.012550115492017056,0.010574445892837514,0.00019712650881903188,0.00033449534072021027,0.008224758484767005,0.0012846148009286757,0.0038752002714612637,0.0001770449639163209,0.008461597425705727,0.0005512598219613689,0.02326365236061083,0.0002995123503446019,0.0007329814168094183,0.00029279459874220586,0.00321724985602473,0.002052019166918995,0.01158687623291076,0.0020368101611595918,5.499631341713819e-05,0.004875274072406401,0.0007658039748718023,0.034196813911441575,0.0009753129745051249,5.041721177309437e-05,0.0011454369988615825,0.0011285392422480207,0.0016295483246299843,0.0021652014330225964,0.0002345232738803302,1.4370325694936284e-05,0.0008814294756449212,0.000928604106819129,0.0018668972990266808,0.023298324925925838,0.0009461657889427701,0.002740435477341898,0.0002228773759012006,0.03387086965593199,0.0014508227486173533,0.006016626510131139,0.0015726723538030429,0.0037274652647551598,0.0010038690056437837,0.0006627950364666346,0.012013974723319224,0.01835426194328681,0.008256453378482728,0.0004243760360874565,0.00010552716229964052,0.001948785795289374,0.02175880612584166,0.013794041694749267,5.484123409270274e-05,0.004910711873741445,1.8973538018496328e-18,0.0,0.0,0.0,0.0,0.0,2.168404344971009e-19,5.421010862427522e-20,0.0,0.0,0.0,1.734723475976807e-18,0.0,1.3552527156068805e-20,0.0,0.0,6.776263578034403e-21,1.0842021724855044e-19,1.3552527156068805e-20,0.0,1.0842021724855044e-19,8.673617379884035e-19,1.8634724839594607e-20,0.0,0.0,0.0,1.3552527156068805e-20,2.0328790734103208e-20,0.0,1.0842021724855044e-19,6.776263578034403e-21,0.0,1.3552527156068805e-20,3.2526065174565133e-19,0.0,2.710505431213761e-20,3.469446951953614e-18,1.0842021724855044e-19,0.0,2.710505431213761e-20,4.0657581468206416e-20,2.710505431213761e-20,5.421010862427522e-20,6.776263578034403e-21,0.0,0.0,2.168404344971009e-19,2.710505431213761e-20,1.3552527156068805e-20,2.168404344971009e-19,2.168404344971009e-19,1.3552527156068805e-20,0.0,4.0657581468206416e-20,0.0,0.0,2.710505431213761e-20,1.0842021724855044e-19,0.0,4.0657581468206416e-20,4.336808689942018e-19,0.0,2.168404344971009e-19,5.421010862427522e-20,2.168404344971009e-19,4.336808689942018e-19,4.0657581468206416e-20,1.6940658945086007e-20,0.0,5.421010862427522e-20,6.776263578034403e-21,2.710505431213761e-19,2.0816681711721685e-17,0.0,0.0,2.710505431213761e-20,1.734723475976807e-18,4.336808689942018e-19,0.0,0.0,2.710505431213761e-20,2.710505431213761e-20,0.0,0.0,4.336808689942018e-19,0.0,1.0842021724855044e-19,2.6020852139652106e-18,8.673617379884035e-19,8.673617379884035e-19,1.0842021724855044e-19,0.0,5.421010862427522e-20,2.710505431213761e-20,0.0,0.0,0.0,0.0,8.673617379884035e-19,0.0,0.0,0.0,8.673617379884035e-19,1.734723475976807e-18,0.0,2.710505431213761e-20,2.710505431213761e-20,5.421010862427522e-20,0.0,0.0,1.734723475976807e-18,0.0,1.734723475976807e-18,0.0,1.734723475976807e-18,0.0,0.0,0.0,0.0,0.0,1.0842021724855044e-19,4.336808689942018e-19,8.673617379884035e-19,8.673617379884035e-19,8.673617379884035e-19,0.0,0.0,3.2526065174565133e-19,2.168404344971009e-19,1.0842021724855044e-19,0.0,5.421010862427522e-20,2.710505431213761e-20,1.734723475976807e-18,0.0,2.6020852139652106e-18,0.0,1.0842021724855044e-19,1.6263032587282567e-19,4.0657581468206416e-20,0.0,1.6940658945086007e-20,0.0,2.168404344971009e-19,2.168404344971009e-19,3.2526065174565133e-19,0.0,4.336808689942018e-19,0.0,2.168404344971009e-19,5.421010862427522e-20,0.0,0.0,0.0,2.168404344971009e-19,1.3552527156068805e-20,0.0,0.0,0.0,0.0,0.0,0.0,0.0,0.0,8.673617379884035e-19,0.0,2.7755575615628914e-17,5.421010862427522e-20,5.421010862427522e-20,2.710505431213761e-20,2.168404344971009e-19,0.0,0.0,2.7755575615628914e-17,5.421010862427522e-20,0.0,1.0842021724855044e-19,5.421010862427522e-20,1.3552527156068805e-20,2.168404344971009e-19,1.734723475976807e-18,1.734723475976807e-18,5.421010862427522e-19,2.168404344971009e-19,2.168404344971009e-19,0.0,0.0,0.0,0.0,2.168404344971009e-19,1.0842021724855044e-19
13,0.0002255463370027436,0.00161737550713388,0.001534330600253401,0.0031493135327216016,0.0014339410882649607,0.0004329938590006109,0.0014183778380293683,0.0030785788763157875,0.004440471983525413,0.0008062434811105744,0.0014360697082656405,0.0004995972864390249,0.0009828675704528784,0.0002137279486301703,0.0014272407708875493,0.0004736862680728289,0.002486003470518641,0.0008711470435020259,7.572430585929785e-05,0.0004622493890233994,0.0019241586338197634,0.0013847789494031678,0.004935634978319397,0.0036663998384004323,0.0012953107860647875,0.0014099077886502481,0.0005342190790310492,0.0006699014684150006,0.0030789096042990226,0.0004993606737212165,0.0009689861805611043,0.00046035377657147926,0.0010597380410156771,0.0014074866419209685,0.0009695494110062586,0.001475844432450858,0.0036123652080914154,0.0013436702401397826,0.0002910669008339547,0.00047095935570460213,0.0006632461555581999,0.0006258019340186603,0.00462438245194173,0.00046831417077405684,0.002193051963584815,0.0008337352443742244,0.0010803038477336254,0.003090670012934746,0.0010772714916771854,0.0014243398233550052,0.0011026657761944263,0.0013545224033141316,0.0004700408204012601,0.002485921855997367,0.00033101509505741294,0.0011152252455645419,0.004434591298883734,0.0024834623923507557,0.00043476411151766427,0.003094273639273939,0.0014773744632909436,7.516567456830646e-05,0.004624641510776828,0.0008739338970657078,0.004822078389097369,0.0013848061516161195,0.00902326899588553,0.004809099595341783,0.0010987874163993325,0.004811932611206054,0.001314660152408865,0.001419797872105786,0.001435622952155744,0.00034216646623121453,0.0036212307989113767,0.004927635232892519,0.0019176255470280954,0.002479550202895537,0.0021983510959752255,0.00043363687599015633,0.0014294388881845468,0.0005369785226952181,0.000624046491218973,0.0005341867724635516,0.0005361492596373965,0.0014198333040119126,0.0014271644706691485,0.0004440579009262908,8.804811076860838e-05,0.00017075557910004204,0.00016148346849801553,0.00019551571594922,0.0003147032379242781,0.0003879478488206728,0.00043987679980030586,9.170335650595323e-05,2.959376961234369e-05,0.00015696062367552387,0.000832335506014733,0.0003965026690153327,0.00034897598230812483,0.0005684566377612237,0.00025683101667179324,0.0017072931882308878,0.00025288685817311625,0.0007013998155414088,0.0007834560130416154,5.7424738367616266e-05,0.00032751055604788773,0.00018581574887854222,0.0002836666471457965,0.0005176954533183487,0.00019385273693497246,0.0002955799154675811,0.00024862358458808005,0.0016898883451122895,8.469173884636674e-05,0.00013933054841693435,0.0013886447615271262,0.0005159792736446254,1.4198289994286568e-05,0.0012606626774440213,9.859625346044366e-05,0.0002683221525268347,0.0007872432672493233,0.00014726052127409192,4.0934412254460425e-05,0.0001867540436954187,0.00016363079301518846,0.0008813669685814719,0.0005052763126091126,0.0012783425598178089,0.0003617225564278671,3.492767355932658e-05,0.00022399528371005572,8.235435959001821e-05,0.00042071810078847944,0.004926630978796273,0.004825823853698375,0.00011412394389306518,0.00038978643080148307,0.00038599812326503146,0.00035764401239701056,0.00019195089028821585,0.0003464982507446682,0.0004705298184998695,0.0005385491533453357,0.028247797054199233,2.7698149712065998e-05,0.00030247235095975185,0.0007010965939816751,0.0012650285207730758,0.0011941907362596825,0.0011179888333520552,0.0010019042916675652,1.6914419154210426e-05,0.00021712401540351198,0.0010246897358333102,4.591682308654338e-05,0.0005636701523319112,0.009264726637882467,0.0007134098369514799,4.9683704883846196e-05,0.00029079864433591404,0.0014193005590639888,0.00014159673032025673,0.00027130436339998273,0.0006079722540621263,8.838445026052874e-05,0.00031930483385908634,0.02825133924838684,0.00013966299805351264,0.0019963466193802255,0.009263612995092284,4.0374912695349124e-05,0.0028507894434077986,0.0004862555426911185,0.0035283143339999907,0.00040821648598956726,2.8681909792722576e-05,1.422072152685361e-05,0.000969358892735792,0.00013797055010861416,0.0004177759028898358,0.00011592541901732736,0.001650235800841719,0.0004455434490817407,0.004284788298427029,0.004069583837657813,0.00027959709023511476,0.0012479186422372406,3.7947076036992655e-19,5.421010862427522e-20,1.0842021724855044e-19,5.421010862427522e-20,1.3552527156068805e-20,0.0,2.168404344971009e-19,0.0,0.0,0.0,4.336808689942018e-19,0.0,6.776263578034403e-20,2.710505431213761e-20,1.734723475976807e-18,2.7755575615628914e-17,0.0,0.0,6.776263578034403e-21,8.673617379884035e-19,0.0,1.6263032587282567e-19,6.776263578034403e-21,0.0,2.168404344971009e-19,2.710505431213761e-20,0.0,2.710505431213761e-20,2.710505431213761e-20,2.0328790734103208e-20,1.6940658945086007e-21,0.0,3.1763735522036263e-22,2.710505431213761e-20,0.0,0.0,1.734723475976807e-18,2.168404344971009e-19,2.168404344971009e-19,1.3552527156068805e-20,1.3552527156068805e-20,6.776263578034403e-21,1.0842021724855044e-19,4.0657581468206416e-20,2.168404344971009e-19,1.0842021724855044e-19,0.0,1.3552527156068805e-20,2.0328790734103208e-20,0.0,0.0,5.421010862427522e-20,0.0,2.710505431213761e-20,0.0,2.710505431213761e-20,0.0,5.421010862427522e-20,1.0842021724855044e-19,2.0328790734103208e-20,1.0842021724855044e-19,0.0,2.710505431213761e-20,2.0328790734103208e-20,3.2526065174565133e-19,0.0,6.776263578034403e-21,1.1858461261560205e-20,0.0,0.0,6.776263578034403e-21,0.0,1.3877787807814457e-17,5.421010862427522e-20,0.0,1.3552527156068805e-20,0.0,2.168404344971009e-19,1.0842021724855044e-19,0.0,1.3552527156068805e-20,5.421010862427522e-20,2.710505431213761e-20,1.0842021724855044e-19,0.0,2.168404344971009e-19,2.168404344971009e-19,2.168404344971009e-19,2.168404344971009e-19,5.421010862427522e-20,0.0,0.0,0.0,6.776263578034403e-21,5.421010862427522e-19,4.336808689942018e-19,4.336808689942018e-19,4.336808689942018e-19,0.0,0.0,1.0842021724855044e-19,0.0,0.0,1.0842021724855044e-19,4.336808689942018e-19,2.710505431213761e-20,0.0,5.421010862427522e-20,0.0,0.0,5.421010862427522e-20,2.168404344971009e-19,2.168404344971009e-19,4.336808689942018e-19,4.336808689942018e-19,2.168404344971009e-19,4.336808689942018e-19,0.0,0.0,0.0,4.336808689942018e-19,5.421010862427522e-19,4.336808689942018e-19,4.336808689942018e-19,1.0842021724855044e-19,2.168404344971009e-19,2.168404344971009e-19,2.168404344971009e-19,5.421010862427522e-20,0.0,0.0,5.421010862427522e-20,1.3552527156068805e-19,0.0,3.2526065174565133e-19,0.0,0.0,2.710505431213761e-20,2.710505431213761e-20,1.0842021724855044e-19,2.710505431213761e-20,1.5246593050577406e-20,2.0328790734103208e-20,0.0,0.0,0.0,1.0842021724855044e-19,1.0842021724855044e-19,3.3881317890172014e-21,2.168404344971009e-19,2.710505431213761e-20,5.421010862427522e-20,5.421010862427522e-20,8.673617379884035e-19,2.168404344971009e-19,1.0842021724855044e-19,4.336808689942018e-19,4.336808689942018e-19,0.0,1.6263032587282567e-19,0.0,3.2526065174565133e-19,0.0,3.2526065174565133e-19,2.168404344971009e-19,0.0,0.0,1.3552527156068805e-20,5.421010862427522e-20,8.131516293641283e-20,0.0,2.710505431213761e-20,0.0,6.938893903907228e-18,0.0,6.776263578034403e-21,6.776263578034403e-21,6.776263578034403e-21,0.0,5.421010862427522e-20,4.336808689942018e-19,2.168404344971009e-19,2.710505431213761e-19,3.2526065174565133e-19,3.2526065174565133e-19,1.3877787807814457e-17,4.336808689942018e-19,0.0,0.0,4.336808689942018e-19,5.421010862427522e-20
14,0.0017981430711262489,0.001668612196150913,0.0037125074096852314,0.006735521968420312,0.002687518568784345,0.002533757849588158,0.002679748289724695,0.006713062129762731,0.006487793310036257,0.0010503692279996988,0.003986243252813294,0.0025296685768483335,0.02784933563797533,0.007277188420445781,0.0015453429138225635,0.00253866474839332,0.008209413025249317,0.0007339221987753323,0.006856368541425271,0.0025236632421218944,0.004376534587041947,0.009920667527634638,0.006474871668921832,0.007240868867842309,0.008674968825899451,0.00857914879724128,0.0017193529447087287,0.007033779719787877,0.006718585468648914,0.0025359247981559295,0.028359541775597102,0.002502940437663189,0.027372640035693892,0.00881446753236927,0.02837868179198821,0.002234195128246388,0.006333611399427079,0.0018042510334023616,0.002443557431699074,0.0025382902809653303,0.007034329531077236,0.0015586059257274613,0.005991024580678294,0.003436826518087105,0.00899172117411506,0.0010314232313425112,0.027317550230454256,0.006177615110863812,0.02730195945607706,0.003111684613781417,0.0029604692070526392,0.0018044259351322786,0.003437629942063556,0.008208743567342596,0.0021318062069542033,0.0029604770002671812,0.0064818566821841315,0.0029989400532531825,0.00802141649673293,0.006188260778033274,0.002322405245442214,0.00686138181678678,0.00598576903245349,0.0007214320167332458,0.0008086547914682254,0.009917917430000752,0.07241726443451463,0.006554240484092958,0.027167106044542203,0.006484221066375419,0.008640444910421718,0.002681080774507667,0.003993805174413311,0.002136230540416952,0.006332790176515814,0.006093683104751887,0.004373575497494259,0.002990797201238464,0.00898603918033632,0.008036122511047395,0.003139105667732485,0.027230140709336777,0.0015538355660765506,0.0017115803917147543,0.02722836683794743,0.0023662514854379856,0.001545204347626283,0.0013547611384924505,2.261145187093579e-05,0.0007360434123435539,0.0005603988098173585,0.0009679359876301333,0.0005329799690223292,8.457821894232234e-05,0.0013336710260379047,2.9813476671725848e-05,7.72089580136006e-05,0.0004732774934978779,0.00046407000945917093,0.0005564936576718689,0.0003324632656308899,0.000996454965243998,0.0002217405168065914,0.0022534285152622305,0.0009656595170162841,0.16620721672557343,0.0012592604101587636,0.0009256662056573119,0.0003928213404920187,0.0008122056654885979,0.0004411092507738085,0.007004752399888417,0.00022581147354779283,0.00018236249956350467,0.0007105954063944609,0.002366579354807749,3.434595935529357e-05,0.00010908792509218112,0.002553787060189279,0.00032347065101166734,0.0008982226612081496,0.0030592202674136213,0.00018432376594964634,0.0002140412182806641,0.0008828963416120056,0.0008575406857146612,7.995105658370285e-05,0.00043549067234822,0.0008338918672416262,7.808061581001229e-05,0.004765441338245689,0.0013706734116138127,0.0003921602933150486,2.038450513394195e-06,0.00022194385918548393,0.00021180617976213864,0.00043335584053740353,0.006091899917105116,0.000801665771282754,4.361242810054517e-05,9.711952880048279e-05,0.008502507000993219,0.00042806227400646855,0.0007278134358166569,0.0012551866150801194,0.004081618769973844,0.006935212898300635,6.924794333722055e-05,0.00011061498504899837,3.567603898419039e-05,0.16619931162321988,0.0025510376707098175,0.0011568463955023034,0.190750119543789,0.003664120627419519,0.0001395041376499252,0.0007836031015307757,0.00028714573619793436,0.0130988754897868,1.1273517774046035e-05,0.014716515836549583,0.0005169687556394022,0.0007087236185003691,0.002443500990279281,0.0023666264407217153,8.145243689350421e-07,0.00011131904790752216,0.00021179695415293333,0.00012475423918798935,0.0008766664985893878,5.94107125976729e-05,0.00016577340895813903,0.003108196094995099,0.014709401010041446,0.013109072085502334,0.005604200001831098,0.0008891605441364674,0.001984099336855451,0.0004627371977401388,0.00010185355099293639,0.00010657871383154514,0.19079516539317665,0.03736097719647852,0.009021748057117933,1.3064285962178825e-05,0.0008324070339314522,0.0008268252822583608,0.014790247230118916,0.004067941300809684,0.0006397995834823534,0.009582605828354462,2.2768245622195593e-18,0.0,0.0,0.0,0.0,1.0842021724855044e-19,1.0842021724855044e-19,0.0,1.734723475976807e-18,0.0,0.0,0.0,2.168404344971009e-19,5.421010862427522e-20,1.0408340855860843e-17,0.0,2.710505431213761e-20,2.168404344971009e-19,5.421010862427522e-20,5.204170427930421e-18,0.0,0.0,5.421010862427522e-20,0.0,0.0,2.710505431213761e-20,0.0,0.0,0.0,2.710505431213761e-20,0.0,0.0,4.235164736271502e-21,0.0,2.710505431213761e-20,0.0,3.469446951953614e-18,0.0,8.673617379884035e-19,5.421010862427522e-20,8.131516293641283e-20,0.0,1.0842021724855044e-19,3.2526065174565133e-19,0.0,4.336808689942018e-19,2.168404344971009e-19,0.0,5.421010862427522e-20,0.0,1.0842021724855044e-19,0.0,1.0842021724855044e-19,3.3881317890172014e-21,4.336808689942018e-19,0.0,0.0,0.0,0.0,1.3552527156068805e-20,2.168404344971009e-19,8.673617379884035e-19,0.0,0.0,0.0,2.168404344971009e-19,6.776263578034403e-21,8.131516293641283e-20,5.421010862427522e-20,6.776263578034403e-21,3.3881317890172014e-21,0.0,6.938893903907228e-18,1.0842021724855044e-19,0.0,5.421010862427522e-20,0.0,0.0,1.734723475976807e-18,8.131516293641283e-20,1.0842021724855044e-19,2.168404344971009e-19,0.0,2.168404344971009e-19,2.168404344971009e-19,0.0,2.168404344971009e-19,4.336808689942018e-19,0.0,3.469446951953614e-18,2.168404344971009e-19,2.168404344971009e-19,0.0,1.0842021724855044e-19,2.168404344971009e-19,8.673617379884035e-19,4.336808689942018e-19,4.336808689942018e-19,0.0,1.0842021724855044e-19,0.0,3.469446951953614e-18,2.168404344971009e-19,0.0,0.0,0.0,2.168404344971009e-19,2.168404344971009e-19,4.336808689942018e-19,0.0,0.0,0.0,1.734723475976807e-18,8.673617379884035e-19,0.0,0.0,4.336808689942018e-19,2.168404344971009e-19,0.0,0.0,0.0,3.2526065174565133e-19,0.0,2.168404344971009e-19,8.673617379884035e-19,2.6020852139652106e-18,2.168404344971009e-19,0.0,5.421010862427522e-20,1.0842021724855044e-19,0.0,2.168404344971009e-19,2.168404344971009e-19,0.0,0.0,0.0,0.0,3.2526065174565133e-19,2.168404344971009e-19,3.2526065174565133e-19,2.168404344971009e-19,2.710505431213761e-20,6.776263578034403e-21,0.0,2.168404344971009e-19,1.0842021724855044e-19,0.0,4.336808689942018e-19,5.421010862427522e-20,1.0842021724855044e-19,0.0,3.469446951953614e-18,0.0,1.734723475976807e-18,3.2526065174565133e-19,0.0,0.0,1.734723475976807e-18,4.336808689942018e-19,5.421010862427522e-20,0.0,0.0,0.0,0.0,1.734723475976807e-18,0.0,0.0,5.421010862427522e-20,0.0,0.0,2.168404344971009e-19,5.421010862427522e-20,1.0842021724855044e-19,0.0,5.421010862427522e-20,8.131516293641283e-20,0.0,0.0,0.0,0.0,0.0,0.0,1.0842021724855044e-19,0.0,0.0,6.938893903907228e-18,4.336808689942018e-19,4.336808689942018e-19,8.673617379884035e-19,4.336808689942018e-19,0.0
